     3000.2 FCI    1    1
    59    0    0    0    0    0    0    0
     4    0    0    0    0    0    0    0
     1    0    0    0    0    0    0    0
     2    0    0    0    0    0    0    0
    0.600000000000000D+01,
    0.000000000000000D+00,    0.000000000000000D+00,    0.000000000000000D+00,
 DENSITY      CHARGE           1    0    1    6    2
    0.200065739988416D+01,   -0.348991298376126D-02,    0.199145437449567D+01,
    0.158702790580694D-02,    0.912181952620283D-02,    0.872321583413846D-02,
    0.397529524769782D-02,   -0.693444339286947D-01,   -0.661160579075612D-02,
    0.300312841982037D-01,   -0.295339078779483D-02,    0.287145008166608D-03,
   -0.642676970744046D-03,    0.531390082047615D-03,    0.246755655154425D-02,
   -0.282987810356849D-02,    0.448703218633030D-03,   -0.343686077107575D-03,
   -0.276056503694746D-03,    0.909128807733474D-03,    0.889217639033396D-03,
   -0.235357630815785D-02,    0.171401131300018D-01,   -0.716615136883586D-06,
    0.166292534832129D-02,   -0.358133443979255D-04,   -0.408276154346281D-04,
    0.463476933120438D-03,   -0.263992617686278D-15,   -0.724382893627872D-15,
    0.293445134471163D-15,    0.820608520760190D-15,   -0.329451399075928D-15,
    0.214529150051452D-15,   -0.482447394854388D-15,    0.104036153572031D+01,
    0.244090211950386D-15,   -0.768517018869539D-15,    0.165594913231782D-15,
    0.427975628933760D-15,   -0.228078880643207D-15,   -0.137323132949013D-15,
   -0.308331044517422D-15,    0.900804389852849D-05,    0.103988954813215D+01,
    0.530238997158431D-17,    0.338503910858926D-16,   -0.647387450317542D-17,
   -0.460473308086603D-16,    0.569592446186055D-17,    0.377141777505187D-17,
    0.290003402348614D-16,    0.410825391576480D-03,   -0.215335417269063D-01,
    0.582921499816324D-01,    0.106099455195425D-15,    0.921640371508287D-16,
    0.264379172068568D-17,   -0.592363971343162D-17,    0.161795409203699D-17,
   -0.259362291738533D-17,   -0.158596828961010D-17,   -0.176180841238828D-01,
   -0.204947854703756D-06,   -0.870828161151117D-05,    0.766403424691369D-02,
   -0.295751053501583D-16,    0.917583102494844D-16,   -0.194875009345935D-18,
    0.189801303332753D-16,   -0.208177702228802D-18,    0.270351267217531D-18,
    0.531212857544197D-17,   -0.176953283605868D-06,   -0.176080790322708D-01,
    0.456463403778893D-03,    0.538466971514856D-07,    0.766121288269461D-02,
   -0.620227583439743D-17,    0.288915932023546D-16,    0.215236031871796D-17,
    0.920603295625411D-17,   -0.195618474653955D-18,   -0.321504575928936D-18,
    0.462519780455746D-17,   -0.870889540568178D-05,    0.456463390661272D-03,
    0.319961205063861D-02,    0.245575963446098D-05,   -0.128719411206869D-03,
    0.179359289892287D-02,    0.656832902661941D-16,    0.201672666697430D-17,
   -0.879243031942098D-17,   -0.652458153596823D-17,    0.785881330931416D-17,
   -0.632877880392929D-17,    0.202860111196255D-17,   -0.390451804594486D-01,
   -0.200511148592316D-06,   -0.104500305158606D-04,    0.815827502291252D-02,
    0.758806069879256D-07,    0.351041958523613D-05,    0.159113938250160D-01,
   -0.756381964342263D-17,    0.661598716753747D-16,   -0.221459576050490D-17,
   -0.121322884435462D-16,    0.402614177855077D-17,    0.276006896929057D-17,
    0.624370315394105D-17,   -0.257730650108593D-06,   -0.390331753868937D-01,
    0.547708733502636D-03,    0.780621577422050D-07,    0.815424201224806D-02,
   -0.183998489195060D-03,    0.111603797613402D-06,    0.159055462061845D-01,
   -0.229153878882302D-17,   -0.245777491020468D-17,    0.651028393183964D-19,
    0.104169984363511D-16,   -0.247609897616556D-18,   -0.232264560597203D-18,
   -0.509977724163810D-17,   -0.104487759278984D-04,    0.547708759654923D-03,
   -0.140661036463081D-01,    0.351037176751201D-05,   -0.183998490934499D-03,
   -0.233251397400065D-03,    0.508985905054273D-05,   -0.266786558204965D-03,
    0.374419371830189D-02,    0.243086591499699D-17,    0.689618108505403D-16,
    0.280958485656363D-18,   -0.136730960353654D-17,    0.558273150871403D-20,
   -0.203142711515972D-18,    0.588790953774734D-18,   -0.633660965695218D-03,
    0.600143421768020D-08,    0.304070563776917D-06,    0.213142613934000D-03,
    0.166224891726403D-08,    0.752099687549059D-07,    0.589010486796357D-03,
    0.191262398520063D-08,    0.839267232415907D-07,    0.273587007243256D-03,
   -0.858348815782074D-17,    0.296434325017797D-16,   -0.275650681147230D-18,
    0.106122180015040D-19,    0.362169041038574D-19,   -0.128451886061861D-18,
    0.359406630502002D-18,    0.733245566721845D-08,   -0.634010288424822D-03,
   -0.159371888831256D-04,    0.163597600258405D-08,    0.213056206649401D-03,
   -0.394216929267351D-05,    0.176791712181192D-08,    0.588914063546204D-03,
   -0.439912867885238D-05,    0.375849316663252D-09,    0.273567314154044D-03,
    0.333475602541887D-17,   -0.350004484949006D-17,    0.292336414548217D-18,
    0.118276079702966D-17,   -0.480943322054050D-19,   -0.248376089202608D-19,
   -0.394864637220518D-18,    0.304041382896763D-06,   -0.159371897051857D-04,
   -0.136050031489658D-02,    0.752105405788322D-07,   -0.394216885592772D-05,
    0.333540944872511D-04,    0.839298948792415D-07,   -0.439912856402611D-05,
    0.388381642480791D-03,    0.171411730533186D-07,   -0.898459965659574D-06,
    0.232611396851693D-03,    0.930520884688389D-17,   -0.108257449358116D-17,
    0.239040010463453D-19,   -0.941400594831644D-18,    0.472531743079879D-19,
   -0.670088694506310D-19,   -0.991872998434251D-19,   -0.134566659100450D-03,
   -0.395909220946150D-09,   -0.170715843739226D-07,    0.680447260441780D-04,
    0.182996417355479D-09,    0.831679680875257D-08,    0.607233650495035D-04,
    0.279166910188327D-09,    0.125201175340425D-07,    0.994589991411533D-04,
    0.319599683810675D-10,    0.143564269019491D-08,    0.119528473241178D-03,
    0.170949607959185D-17,    0.564310329486969D-17,    0.449434502968003D-20,
   -0.200485302823626D-18,    0.369201880965609D-19,   -0.604545164258455D-19,
    0.530442676734593D-19,   -0.352758293700266D-09,   -0.134547045418699D-03,
    0.894837338310666D-06,    0.181723916623116D-09,    0.680351710579282D-04,
   -0.435928305209861D-06,    0.269887184338513D-09,    0.607089808656993D-04,
   -0.656251242852593D-06,    0.309982867423672D-10,    0.994573497533919D-04,
   -0.752502559948985D-07,    0.829229890963984D-11,    0.119528038755935D-03,
    0.446106809113112D-18,   -0.238413132457059D-18,    0.114871830562365D-19,
   -0.182616431911223D-20,   -0.143106245498846D-19,    0.234208220905242D-20,
   -0.266122059635526D-20,   -0.170725279275385D-07,    0.894837006710411D-06,
   -0.937562708347626D-04,    0.831682269653711D-08,   -0.435928077271963D-06,
    0.481635686451998D-04,    0.125203204088110D-07,   -0.656251163848173D-06,
    0.307940470958287D-04,    0.143566318348648D-08,   -0.752501421050509D-07,
    0.960271012560224D-04,    0.378182764149462D-09,   -0.198225681158169D-07,
    0.118624435366321D-03,   -0.323186867378365D-16,    0.158563816918134D-16,
    0.602979755739215D-17,    0.152477696184350D-16,   -0.613947820722435D-17,
    0.379629375669055D-17,   -0.878746107153101D-17,    0.182313319778410D-01,
    0.151830814707942D-06,    0.769755533645082D-05,    0.959997263999445D-06,
    0.919468719674447D-09,    0.269837045819541D-07,    0.125718286466272D-03,
    0.117476129322096D-08,    0.507188848441464D-07,    0.873267611212645D-05,
    0.127940332875504D-09,    0.498974123740413D-08,    0.139758709616130D-05,
    0.755989330879653D-11,    0.326098903621930D-09,    0.385550194073954D-03,
    0.302313990541848D-17,    0.893255374934995D-17,    0.306241001857401D-17,
    0.108841046649815D-16,   -0.430784893781134D-17,   -0.261240773761680D-17,
   -0.495634129076515D-17,    0.185716827042248D-06,    0.182224888651412D-01,
   -0.403450298024016D-03,    0.264173844422186D-09,    0.928988068848428D-06,
   -0.141473611447794D-05,    0.104949397936154D-08,    0.125660015164733D-03,
   -0.265851807262501D-05,    0.908946250055930D-10,    0.872694304988277D-05,
   -0.261560129062485D-06,    0.674104820429128D-11,    0.139721243845102D-05,
   -0.170930450858814D-07,    0.348298947013826D-08,    0.385367698543661D-03,
   -0.353822743474851D-18,    0.128319012188365D-16,    0.913564324759782D-18,
   -0.227030478335633D-17,    0.502463321411602D-19,    0.567542491440708D-19,
    0.142140370071403D-19,    0.769681233692246D-05,   -0.403450311759483D-03,
   -0.168622734180341D-03,    0.269980713178264D-07,   -0.141473570906624D-05,
   -0.635611495239848D-04,    0.507216282224642D-07,   -0.265851814500001D-05,
    0.447258698762763D-05,    0.499055357378206D-08,   -0.261560141918416D-06,
   -0.319616541136672D-05,    0.326116964334777D-09,   -0.170930546594344D-07,
    0.618032982782175D-06,    0.158846969224065D-06,   -0.832601370544601D-05,
    0.582988300257693D-05,   -0.111936266605950D-02,    0.181816617506988D-02,
   -0.198872496135019D-04,    0.251230909799115D-02,   -0.541406253988211D-04,
   -0.574387740386194D-04,    0.388560465912644D-03,    0.278721935590984D-17,
    0.308371919613004D-15,    0.113852215653942D-16,    0.184125598379851D-18,
    0.215979770510853D-17,    0.551645827505631D-17,   -0.719084625324832D-19,
   -0.821351481440732D-17,   -0.414005376865132D-17,    0.251866332887650D-18,
    0.276119670069926D-18,   -0.107991874946749D-18,   -0.147879190589443D-18,
    0.761244537866212D-19,    0.110552138961484D-18,    0.483435535660271D-18,
    0.637950954161007D-17,   -0.200438860530427D-18,    0.684775026489829D-03,
    0.177878775974414D-07,   -0.288926147526795D-07,    0.316029721543509D-09,
   -0.399232930396160D-07,    0.860352746898310D-09,    0.912763886114673D-09,
   -0.617464336217460D-08,    0.215597907707351D-15,   -0.122678927675188D-15,
    0.254477241639298D-16,    0.305764186126520D-17,   -0.154511971552411D-17,
    0.699898172688440D-17,   -0.154329784737184D-16,    0.242206924976686D-16,
   -0.193948546127504D-16,    0.236214574123854D-18,    0.184949972242495D-17,
   -0.286293573234473D-18,   -0.359269494819349D-19,    0.143859731850050D-18,
   -0.210750855575237D-19,    0.145130199830268D-16,   -0.432856102578024D-17,
    0.504520215094877D-17,   -0.477639544203661D-08,    0.128592948925152D-02,
    0.811242918379913D-06,   -0.131769114746589D-05,    0.144130136803119D-07,
   -0.182076189030845D-05,    0.392376826881046D-07,    0.416279709343052D-07,
   -0.281603910163811D-06,    0.165164927581607D-15,   -0.123766605573992D-15,
   -0.192902761572782D-16,    0.121877394344576D-16,   -0.153663823989775D-16,
    0.134458660215818D-16,   -0.208082537348339D-16,    0.416336157307161D-16,
   -0.308715333184247D-16,    0.313303131946839D-18,    0.262336696127298D-18,
    0.148004965093419D-17,   -0.254446725972142D-19,   -0.396716497381911D-19,
   -0.363808028877083D-19,    0.603119026239226D-17,   -0.238444025695184D-16,
    0.131517587124347D-16,    0.108920064528415D-06,   -0.988836384319268D-05,
    0.835172610582164D-03,    0.466008909758833D-06,   -0.756932094403233D-06,
    0.827938300032758D-08,   -0.104591512079363D-05,    0.225396226583359D-07,
    0.239126953867177D-07,   -0.161764029774703D-06,   -0.813429462593351D-16,
   -0.184089341268604D-15,   -0.985560725500406D-18,    0.279309865208414D-17,
   -0.463476618465996D-17,   -0.123447642479966D-16,   -0.107365351634225D-17,
    0.432179241863594D-17,    0.287037114251613D-16,   -0.112908113469749D-18,
   -0.567044718396814D-18,   -0.434347154157301D-18,    0.368209392773939D-19,
   -0.321401376388975D-19,   -0.744780790938699D-19,    0.109578029658398D-16,
   -0.100315231240685D-17,   -0.271818346226175D-16,   -0.125134605338488D-06,
   -0.195835435473451D-09,    0.188658290277067D-06,    0.128592924361539D-02,
   -0.425215519509101D-04,    0.690671946009389D-04,   -0.755462631221143D-06,
    0.954358053523410D-04,   -0.205665544060776D-05,   -0.218194314826124D-05,
    0.147603572429433D-04,    0.574498028647614D-16,    0.573488073937583D-16,
   -0.902189513528867D-18,    0.107942959210383D-17,    0.574276128899786D-17,
   -0.311452539112387D-17,    0.163636021259561D-17,    0.301474281489000D-17,
    0.185805474706233D-17,    0.641204361703014D-18,   -0.400067716094579D-18,
    0.896475990703537D-18,   -0.209471159271484D-18,    0.547871296523878D-18,
   -0.575516419349142D-19,    0.224032747395934D-18,    0.201012998850406D-17,
   -0.133852028679430D-17,   -0.570907942184738D-05,    0.188649806370094D-06,
    0.413667461566847D-08,    0.988835830704885D-05,    0.834955869093382D-03,
   -0.859308543349596D-03,    0.499561565334475D-02,    0.543530982122006D-03,
    0.409479608141811D-02,   -0.160361669496410D-03,   -0.132262207403093D-03,
    0.749038721480829D-03,    0.138539759910236D-15,   -0.669449393691575D-15,
   -0.177908314910919D-16,    0.138143782722736D-18,    0.136919284974703D-16,
    0.440391752980768D-17,   -0.388091073703995D-17,    0.176176172836567D-16,
    0.721870325035005D-17,    0.478759031028982D-18,    0.464487484352070D-18,
    0.700159536713017D-18,   -0.273663066274282D-18,    0.417616995254080D-20,
   -0.859495711710112D-19,    0.333502178182268D-17,   -0.106234538419893D-16,
    0.421854686554762D-18,    0.107810870055777D-02,   -0.520931002494542D-08,
    0.118784043800447D-06,   -0.136468621225081D-06,   -0.622616737923792D-05,
    0.205833453216093D-02,    0.136553386273971D-07,   -0.793857209500246D-07,
   -0.863729287909647D-08,   -0.650707239342612D-07,    0.254831978045985D-08,
    0.210178901722996D-08,   -0.119030323010269D-07,   -0.211328630156728D-15,
    0.588318469903852D-16,    0.360241920286519D-16,    0.111255432291920D-16,
    0.858896091116337D-17,    0.110860796799373D-16,   -0.356368103892423D-16,
    0.396608644347805D-16,   -0.360418890445909D-16,   -0.605354981957332D-18,
    0.170446991513819D-17,   -0.223576777641258D-18,    0.350065663720537D-19,
    0.238642069486753D-19,    0.706990353211408D-19,    0.141521017056669D-16,
   -0.355700593629067D-17,    0.981403689637969D-17,   -0.520930403751569D-08,
    0.173371099121589D-02,   -0.107839739990044D-04,    0.564035897438741D-09,
    0.205752560585210D-06,   -0.963608447074187D-08,    0.327095989983986D-02,
    0.622772243134922D-06,   -0.362050504826026D-05,   -0.393916727163750D-06,
   -0.296764813027156D-05,    0.116219953094188D-06,    0.958552465826425D-07,
   -0.542855677733721D-06,   -0.827525641467424D-16,   -0.283422999534775D-16,
    0.687528867885627D-16,    0.680263893951990D-17,   -0.929969505832784D-17,
    0.340062693080477D-16,   -0.683144423839670D-16,    0.925798266085522D-16,
   -0.841381391359944D-16,   -0.461403566168770D-18,    0.334177396971481D-18,
    0.796172486219252D-18,   -0.552390301092187D-20,    0.422885558737165D-20,
    0.767464593525738D-19,    0.219503625453167D-17,   -0.409390874833995D-16,
    0.241327095276875D-16,    0.118786335374652D-06,   -0.107839733882030D-04,
    0.124212810028937D-02,    0.205729530018950D-06,    0.447853791536610D-08,
    0.219707172140447D-06,   -0.199464871762687D-04,    0.236170766456855D-02,
    0.357744167499968D-06,   -0.207975646587954D-05,   -0.226280816336480D-06,
   -0.170473048589898D-05,    0.667611820325371D-07,    0.550629158565785D-07,
   -0.311837037097616D-06,    0.188804324101913D-16,   -0.391416709524753D-16,
    0.279689869237847D-16,   -0.384037165321195D-17,    0.571527950145454D-17,
   -0.202447423085336D-16,   -0.191474351284714D-16,    0.326508607097504D-16,
    0.433280622704556D-16,    0.710268147365918D-19,   -0.639595199459584D-18,
   -0.134212948732461D-17,    0.241713108036313D-18,   -0.155422255815573D-18,
    0.210012370398631D-19,    0.234966620418907D-16,    0.503758634113340D-17,
   -0.513191131664437D-16,   -0.136468826086409D-06,    0.465463500565122D-09,
    0.205730280878244D-06,    0.173371168463443D-02,    0.107839896393737D-04,
   -0.252420787542076D-06,    0.256135729369107D-08,    0.380492206051847D-06,
    0.327096326316538D-02,   -0.326428024195057D-04,    0.189769907471324D-03,
    0.206472687786835D-04,    0.155550207401216D-03,   -0.609170528723267D-05,
   -0.502428280913186D-05,    0.284539505854470D-04,   -0.308704508754295D-16,
    0.418061229831016D-15,    0.340353298931159D-16,   -0.440502767512912D-18,
   -0.635620788934533D-17,    0.581745441971072D-18,   -0.301115049834837D-18,
   -0.301093912818935D-16,   -0.514251482563737D-17,    0.107900366043234D-17,
   -0.144327772911896D-17,    0.461457701429036D-18,   -0.330157599741786D-18,
    0.102114950521532D-17,   -0.303389995364647D-18,   -0.244700037097379D-17,
    0.794543769376079D-17,   -0.276308489790937D-17,   -0.622615807464485D-05,
    0.205751813020001D-06,    0.454346409511865D-08,    0.107839890389699D-04,
    0.124189172854542D-02,   -0.115160191653365D-04,    0.380603107455994D-06,
    0.834287227591709D-08,    0.199465630128731D-04,    0.236127046831158D-02,
    0.636431339664223D-03,   -0.834676654024920D-03,   -0.345223733088414D-04,
    0.144836933809815D-03,   -0.170679052976757D-04,    0.350395608463301D-05,
    0.116588335921738D-04,    0.279074179004780D-16,   -0.128247037937750D-16,
   -0.237034123378827D-18,   -0.163644549760399D-18,    0.455452149577453D-18,
    0.145198111074653D-18,   -0.451612492837603D-18,    0.528828669953155D-18,
    0.106306099285270D-18,    0.324960053997984D-19,   -0.975304033619598D-20,
    0.189020600676327D-19,    0.227561733420192D-19,   -0.480509450783460D-20,
    0.397208346471832D-20,    0.515405110361224D-18,   -0.193203141823996D-18,
   -0.141530033269173D-20,    0.313418034230254D-04,   -0.413174038367008D-09,
    0.942168417352697D-08,   -0.108243680859933D-07,   -0.493842516128053D-06,
    0.429653467446880D-04,   -0.294245882093976D-09,    0.670918836087101D-08,
   -0.770812272871086D-08,   -0.351663791511602D-06,    0.182915170781387D-04,
   -0.101135792631740D-07,    0.132639105956519D-07,    0.548597673874576D-09,
   -0.230161488554820D-08,    0.271227395891984D-09,   -0.556816329209833D-10,
   -0.185271419896524D-09,   -0.473307487108849D-16,   -0.727601690502737D-17,
   -0.911701961797523D-17,    0.917852257788908D-18,    0.100410903460191D-17,
   -0.597460413562595D-18,    0.134241832284703D-17,    0.256530178740769D-17,
    0.139558029932100D-17,    0.181781389409912D-18,   -0.126767399889082D-18,
    0.184667890734095D-18,    0.105022261221566D-18,   -0.173743947221316D-18,
   -0.763916262123804D-20,   -0.274196763814298D-18,   -0.164146174660840D-18,
    0.291177269724120D-18,   -0.413173478112536D-09,    0.833425613543147D-04,
   -0.855359101519551D-06,    0.136316355289115D-11,    0.163188858656698D-07,
   -0.294245148954504D-09,    0.799951529654454D-04,   -0.609103406553572D-06,
    0.526874631506043D-10,    0.116218744643939D-07,   -0.133732145393135D-09,
    0.351225774665259D-04,   -0.461244993442498D-06,    0.604920594084168D-06,
    0.250196222710043D-07,   -0.104968607616110D-06,    0.123697332987456D-07,
   -0.253944466069203D-08,   -0.844958169848223D-08,   -0.233707097743671D-16,
   -0.303457788585945D-16,    0.336228882990945D-16,    0.604776140766896D-18,
   -0.159999644669338D-18,    0.393282761986361D-17,   -0.104518125068322D-17,
    0.231354218160281D-17,   -0.918678119390207D-17,    0.318057102965560D-21,
   -0.889984656247755D-19,   -0.591743436788421D-18,    0.184227906719318D-19,
   -0.559195614051635D-19,    0.391320952345088D-20,   -0.326686856712658D-18,
   -0.161418580337925D-17,    0.469557683312388D-18,    0.942175519311460D-08,
   -0.855359072987596D-06,    0.443513790988210D-04,    0.163188683357738D-07,
    0.356822632806126D-09,    0.670917570809746D-08,   -0.609103417252497D-06,
    0.522294303105493D-04,    0.116195847406451D-07,    0.254975559877616D-09,
    0.304951898841717D-08,   -0.276853803433278D-06,    0.225023138515701D-04,
   -0.264956738531555D-06,    0.347489488869906D-06,    0.143722264243828D-07,
   -0.602979777619628D-07,    0.710564722257432D-08,   -0.145875397407343D-08,
   -0.485376238297688D-08,    0.387538603145420D-17,    0.117501637715166D-15,
    0.875463693637229D-17,   -0.363773725083164D-17,    0.536275123458134D-17,
   -0.629875223216441D-18,   -0.668170445262850D-17,    0.959694020145934D-17,
   -0.172446199036879D-17,   -0.740772866574881D-19,    0.257790736618458D-18,
   -0.276348490048475D-18,    0.868415380144854D-19,   -0.639128746307885D-19,
    0.142639788321570D-19,    0.330112428649025D-18,    0.299577451952926D-17,
   -0.151881766438155D-17,   -0.108243740437003D-07,   -0.801038678440755D-12,
    0.163188728848699D-07,    0.833425593921367D-04,    0.855359058934171D-06,
   -0.770811978112047D-08,    0.550009255708787D-10,    0.116195425221731D-07,
    0.799952222655453D-04,    0.609104970040960D-06,   -0.350352461113047D-08,
    0.555611873687713D-12,    0.528191391365433D-08,    0.351225779301349D-04,
    0.241763009713155D-04,   -0.317071026374954D-04,   -0.131141134606591D-05,
    0.550196248364323D-05,   -0.648363449277312D-06,    0.133105788110627D-06,
    0.442887474077172D-06,    0.316519064885927D-19,    0.644795933188040D-16,
    0.343689111253677D-18,   -0.255185448659361D-18,   -0.680945942454153D-19,
    0.195221381588312D-18,   -0.546081642863283D-18,   -0.111874885809142D-17,
   -0.206746705937818D-18,    0.325079566181099D-19,   -0.305056700283103D-19,
   -0.728426897306982D-19,    0.140202219635893D-19,    0.119957981858669D-19,
   -0.481804754604718D-19,   -0.794817259225639D-19,    0.123646764048172D-17,
   -0.113420543666794D-18,   -0.493842266262591D-06,    0.163188816928067D-07,
    0.358816071025973D-09,    0.855359030523844D-06,    0.443326307029387D-04,
   -0.351663920357575D-06,    0.116219166911167D-07,    0.254578647806138D-09,
    0.609104980507493D-06,    0.522160796624658D-04,   -0.159841493672943D-06,
    0.528193810687007D-08,    0.115814836847452D-09,    0.276853814009335D-06,
    0.224962455765825D-04,   -0.844697039396940D-04,   -0.113390304052389D-02,
    0.320742683832468D-04,    0.689706875996782D-03,   -0.204206233045200D-04,
   -0.164589922699735D-04,    0.110010948184848D-03,   -0.141558345000268D-15,
    0.190873671451149D-17,    0.717417736482823D-17,    0.186804539741270D-17,
   -0.145857296098378D-17,    0.146808978013474D-17,    0.576180489356616D-17,
   -0.574123218367946D-17,   -0.159038174771853D-17,    0.146140180009029D-18,
   -0.158801904736077D-18,   -0.855362056608614D-19,   -0.163669467569247D-19,
   -0.209598827593344D-20,    0.201835463765169D-19,   -0.233238037578351D-17,
   -0.126339719270122D-18,   -0.424825215033306D-19,    0.134450024795443D-03,
   -0.452618137334445D-09,    0.103424426718479D-07,   -0.118719136634177D-07,
   -0.542182837682537D-06,    0.278827993893378D-03,   -0.135090844974773D-08,
    0.308415941777507D-07,   -0.354150715861514D-07,   -0.161673140878177D-05,
    0.935586624664026D-05,   -0.280147925080743D-10,    0.639355149673661D-09,
   -0.734700498647902D-09,   -0.335184295784115D-07,    0.568349047904302D-04,
    0.134231167084511D-08,    0.180190108937423D-07,   -0.509692035919250D-09,
   -0.109601649315357D-07,    0.324504921235568D-09,    0.261550466840623D-09,
   -0.174818796313521D-08,    0.296757203522819D-16,    0.149407887775459D-15,
   -0.592047645387797D-16,    0.233673273436846D-16,   -0.445314033039395D-16,
    0.130282818160237D-17,    0.408804854920670D-16,   -0.838839631112140D-16,
    0.126194535855974D-16,    0.144297319028192D-17,   -0.230321264802284D-17,
    0.120108973675494D-17,   -0.524240713772074D-19,    0.729279140711191D-19,
   -0.172310880194135D-18,    0.602816511553788D-17,   -0.294091022486481D-17,
    0.165251268696976D-17,   -0.452612120377606D-09,    0.191513947800274D-03,
   -0.938491014427160D-06,   -0.127703234253486D-08,    0.178760237221013D-07,
   -0.135088757784117D-08,    0.449018442939885D-03,   -0.279918366376410D-05,
   -0.213755348417578D-08,    0.533553189647064D-07,   -0.280137772751596D-10,
    0.128854515216366D-04,   -0.580586873301123D-07,   -0.687629258201838D-10,
    0.110608817128802D-08,   -0.357584806067625D-09,    0.101897440900386D-03,
    0.612182059268060D-07,    0.821782711665411D-06,   -0.232453285277536D-07,
   -0.499855235061454D-06,    0.147995517861166D-07,    0.119284161543902D-07,
   -0.797288356447532D-07,   -0.503228809538289D-15,    0.261257282564491D-15,
   -0.807674501754495D-15,    0.905608377723802D-16,   -0.891843875180422D-16,
   -0.593580146528755D-16,    0.181272116798937D-15,   -0.152014835530587D-15,
    0.181851363532391D-15,    0.557030411456706D-17,   -0.453231497286528D-17,
    0.157765982955281D-16,   -0.102133590815769D-18,    0.110541951424499D-18,
   -0.704833920856528D-18,    0.197822731569199D-17,   -0.100398552821208D-16,
    0.677068416282069D-17,    0.103457679968598D-07,   -0.938490820689176D-06,
    0.148733261527223D-03,    0.179330161953315D-07,    0.353388048531814D-09,
    0.308482111009499D-07,   -0.279918337215093D-05,    0.321418887997104D-03,
    0.534512550005671D-07,    0.109288467564946D-08,    0.639612550815482D-09,
   -0.580586827195719D-07,    0.102388723063175D-04,    0.110920296104226D-08,
    0.211097766302479D-10,    0.816665421492752D-08,   -0.741170898792148D-06,
    0.681114953221461D-04,    0.351660391640508D-07,    0.472064146075613D-06,
   -0.133529714755247D-07,   -0.287135689961585D-06,    0.850141802572045D-08,
    0.685212984248970D-08,   -0.457992337266025D-07,   -0.212030741365436D-15,
    0.126928187401257D-15,   -0.280214246720571D-15,   -0.983706317416270D-18,
   -0.357724243060046D-16,   -0.299488941078404D-16,   -0.848721238625816D-17,
   -0.699179818970637D-16,    0.716948254951575D-16,   -0.434189828388572D-18,
   -0.222444756862117D-17,    0.523459371846734D-17,   -0.127599900430242D-19,
    0.323576095283632D-19,   -0.724972916658989D-19,   -0.113028293095620D-17,
   -0.105688450105858D-17,   -0.635878984720869D-17,   -0.118716172168839D-07,
   -0.144884079956007D-08,    0.179350314839858D-07,    0.191512163932214D-03,
    0.938450926548135D-06,   -0.354144632622894D-07,   -0.245965335999747D-08,
    0.534548364757347D-07,    0.449015438622075D-03,    0.279911616877807D-05,
   -0.734685937315941D-09,   -0.804723407514391D-10,    0.110931905288755D-08,
    0.128853535818768D-04,    0.580564778499508D-07,   -0.937728260620715D-08,
   -0.892721384774561D-09,    0.141594272377290D-07,    0.101896271795830D-03,
   -0.320877145555758D-05,   -0.430739986514564D-04,    0.121841118141366D-05,
    0.262000688504198D-04,   -0.775723146514922D-06,   -0.625231672120158D-06,
    0.417901191358575D-05,    0.141918209193631D-14,    0.256367853935823D-14,
   -0.119843904249239D-15,   -0.343983714969213D-17,    0.324706081144664D-17,
   -0.752152472121893D-17,   -0.200856250387796D-16,   -0.241759000877475D-16,
    0.153333546172804D-16,    0.654479075851411D-18,    0.862455359370708D-18,
    0.154596581943440D-17,    0.206829732307514D-19,    0.146048367901988D-18,
    0.491842805255272D-19,    0.263800411826513D-16,    0.489908716446922D-16,
   -0.106853480565225D-17,   -0.542197446176962D-06,    0.178740092433715D-07,
    0.433589223853392D-09,    0.938450706985041D-06,    0.148712676752266D-03,
   -0.161676116289904D-05,    0.533517384476440D-07,    0.125213439972910D-08,
    0.279911582595150D-05,    0.321357507808176D-03,   -0.335191309590130D-07,
    0.110597205067747D-08,    0.275329354430887D-10,    0.580564719230400D-07,
    0.102375997404903D-04,   -0.428058146075294D-06,    0.141207757180674D-07,
    0.310572714632009D-09,    0.741144581729463D-06,    0.680952437995179D-04,
   -0.321429830728813D-18,    0.633427210475367D-18,   -0.199954150910343D-18,
    0.405857364279797D-18,    0.159042601542681D-18,   -0.137673514481471D-18,
    0.335706872461493D-18,   -0.575403064869654D-03,   -0.285780172063514D-08,
    0.481478693037034D-06,   -0.545198683913131D-04,   -0.265470107691244D-09,
    0.456195453426914D-07,    0.141716122933070D-03,    0.646185699377586D-09,
   -0.118582011446385D-06,    0.125795393647723D-04,    0.572990395089868D-10,
   -0.105259319529947D-07,   -0.538493966235255D-07,   -0.484096691622997D-12,
    0.450623108876943D-10,    0.118030609456798D-05,   -0.517317949920354D-11,
   -0.986875915982880D-09,    0.192974972144253D-18,   -0.364945557744615D-16,
    0.771185675499549D-18,    0.677140052060625D-18,    0.524777357214151D-20,
    0.250545867818796D-18,   -0.548609987693691D-16,    0.105416387434778D-17,
    0.941735427036844D-18,    0.499907603134676D-19,    0.320522790780957D-20,
   -0.293850551187300D-17,    0.758385754649747D-19,    0.181593128841888D-19,
   -0.543974380413378D-20,    0.155711077381737D-18,   -0.451911848049407D-17,
    0.213287144060309D-17,   -0.257892340503420D-19,   -0.621273829936301D-18,
    0.839768247945782D-04,   -0.517485720852027D-18,   -0.645821259512360D-17,
   -0.155080327104975D-18,   -0.777380717995454D-18,    0.137930756934619D-18,
    0.774634615187964D-19,   -0.152868715195245D-19,   -0.241956629037501D-08,
   -0.575264782360834D-03,   -0.252366052535423D-04,   -0.234787891578321D-09,
   -0.545067649939538D-04,   -0.239114508265695D-05,    0.653603951530351D-09,
    0.141682065052056D-03,    0.621551769386623D-05,    0.580900524401146D-10,
    0.125765160831490D-04,    0.551720482206459D-06,   -0.108183461339583D-13,
   -0.538364529364738D-07,   -0.236168267215072D-08,    0.160111772091665D-10,
    0.118002183850515D-05,    0.517395938104693D-07,   -0.367218795324977D-18,
   -0.425213624959457D-16,   -0.256990221601668D-16,   -0.248986452367731D-17,
    0.155596916407723D-19,    0.552542414486198D-19,   -0.644334402929751D-16,
   -0.448883543021515D-16,   -0.361968187259923D-17,   -0.440922486549051D-18,
   -0.390122957539494D-20,   -0.347792082334469D-17,   -0.193822024149676D-17,
   -0.165502311022406D-18,   -0.293030057907042D-19,   -0.105246646325549D-18,
   -0.660113319809426D-17,   -0.530181709627733D-17,   -0.929892479737322D-18,
   -0.105732125046275D-17,    0.783553333328887D-09,    0.839357693496031D-04,
    0.141545187762739D-19,    0.395666948319748D-17,   -0.263463098986042D-19,
    0.221135730964559D-17,   -0.594988024716867D-19,   -0.482879376984056D-19,
    0.115680032604052D-20,   -0.294849417948494D-06,    0.154540066097455D-04,
   -0.704640823995498D-03,   -0.279372356333768D-07,    0.146429577179616D-05,
   -0.667644596775072D-04,    0.726154939101364D-07,   -0.380617422398696D-05,
    0.173545921736057D-03,    0.644580219299758D-08,   -0.337859849188187D-06,
    0.154048488017361D-04,   -0.276060064579477D-10,    0.144631099140042D-08,
   -0.659423626302545D-07,    0.604435545277318D-09,   -0.317115161462996D-07,
    0.144489645789639D-05,    0.222983761054023D-18,    0.299414125207544D-16,
    0.806224258784520D-17,   -0.345974377372419D-17,    0.695446964448620D-19,
    0.115032289968335D-17,    0.425845899907522D-16,    0.127736082567561D-16,
   -0.549803907042983D-17,   -0.399560667961078D-18,    0.358298020411021D-19,
    0.261514659119486D-17,    0.109855601853571D-18,   -0.425469904446436D-18,
   -0.213874568932342D-19,    0.484060410617827D-20,    0.495688845086211D-17,
    0.115471618720876D-16,    0.305791536330532D-17,    0.895010120023732D-18,
    0.145888786430956D-07,   -0.764680642549226D-06,    0.697223024764012D-04,
    0.133592790302565D-18,    0.181112216851855D-17,    0.207504763017627D-19,
   -0.357406431991689D-18,    0.826210873723054D-20,    0.755141837520915D-20,
   -0.318108724519062D-19,    0.267035652511995D-06,   -0.116068827141551D-07,
    0.300515090262152D-10,    0.254053556159204D-07,   -0.886532589039948D-09,
   -0.178431647604693D-11,   -0.657982201971701D-07,    0.276456115342530D-08,
   -0.535071626387534D-11,   -0.584666909959998D-08,    0.236083474655297D-09,
   -0.273283115882121D-12,    0.252788543855535D-10,   -0.336265824414809D-12,
   -0.135097815706850D-13,   -0.547421151574828D-09,    0.205874724551869D-10,
    0.888883043790485D-14,   -0.537232812227914D-19,    0.710547025803337D-17,
   -0.181958551575910D-16,   -0.258889219204052D-17,   -0.545622903471604D-18,
   -0.148162972562166D-18,    0.124062500578340D-16,   -0.406684985582401D-16,
   -0.572067177745178D-17,   -0.136027468276657D-17,   -0.520045366161987D-20,
    0.673951395596445D-18,   -0.159902933327312D-17,   -0.184247237057960D-18,
   -0.435525916181661D-19,   -0.253517381909567D-20,    0.828288395118283D-18,
   -0.291180234099997D-17,    0.270486052259523D-18,    0.217256229338738D-19,
   -0.132508948954625D-07,    0.505733040452425D-09,    0.235679610840164D-14,
    0.197828017375021D-03,   -0.252571002664890D-18,   -0.114986497159689D-17,
   -0.132662050362115D-19,    0.660771741779566D-19,    0.333916338567779D-20,
   -0.516328669393504D-20,    0.456707751246990D-20,   -0.199511583719757D-04,
    0.380591248391672D-06,    0.834717381715637D-08,   -0.189038420086865D-05,
    0.360671637822802D-07,    0.790745850867796D-09,    0.491377341709807D-05,
   -0.937403985352028D-07,   -0.205572153811990D-08,    0.436174666003201D-06,
   -0.832118699637586D-08,   -0.182469195042720D-09,   -0.186713140105329D-08,
    0.356303147888599D-10,    0.780839296783564D-12,    0.409251781381865D-07,
   -0.781164240351230D-09,   -0.170938237171680D-10,    0.101503908255986D-19,
   -0.178000955220567D-17,   -0.361834620816011D-17,    0.153019498288264D-17,
   -0.217723054688109D-19,    0.193287725642836D-19,   -0.272017967022446D-17,
   -0.712322801000714D-17,    0.239183787827097D-17,   -0.843413942879198D-19,
    0.621498846086570D-21,   -0.188951897194146D-18,   -0.322317203132634D-18,
    0.131778796111768D-18,   -0.429522471489682D-21,    0.383627339830476D-20,
   -0.231872152577317D-18,   -0.498847327604779D-18,    0.260387038943702D-18,
   -0.109522265693762D-19,   -0.148079153429845D-05,    0.282512425040521D-07,
   -0.101156494328406D-08,    0.191169997106655D-05,    0.126658103791325D-03,
   -0.938287398867453D-18,   -0.639593874261158D-17,   -0.121314265476047D-18,
    0.119872724670505D-17,   -0.297641078397629D-19,   -0.214902609270242D-19,
    0.820203960054748D-19,    0.883623129028160D-08,    0.268549155430550D-06,
   -0.171400618547795D-10,    0.105052283576791D-08,    0.253417298170769D-07,
    0.727576808038414D-12,   -0.227045301621665D-08,   -0.661110608564644D-07,
    0.352676047939145D-11,   -0.210855611455216D-09,   -0.586235991707193D-08,
    0.177483441653511D-12,    0.157688955867761D-11,    0.248442080235494D-10,
    0.504592510811392D-14,   -0.213578843977746D-10,   -0.551206316036731D-09,
    0.454965415066298D-13,    0.161910554255416D-18,   -0.204756785492899D-16,
   -0.152812951237510D-16,   -0.191054404973553D-16,   -0.413622076902496D-18,
    0.423281599325163D-18,   -0.354499544608835D-16,   -0.354822002769526D-16,
   -0.362733310207434D-16,   -0.116147168803433D-17,    0.171695312754257D-19,
   -0.201047852635330D-17,   -0.163967635147057D-17,   -0.170079981254914D-17,
   -0.391271149596061D-19,    0.231478344919600D-19,   -0.284100147925036D-17,
   -0.207633259410579D-17,   -0.852616467995272D-18,    0.177663162117864D-18,
   -0.505838902358388D-09,   -0.132503887010813D-07,   -0.112082191137572D-13,
   -0.251648331071506D-14,    0.364722560446293D-07,    0.197828017378780D-03,
   -0.778157184018004D-20,    0.330932419516231D-17,   -0.182007049936000D-19,
   -0.629842523514631D-19,   -0.446740407756775D-20,   -0.634075998030279D-21,
    0.188985992437386D-19,    0.380664865217375D-06,    0.199511164720023D-04,
    0.218655441095936D-06,    0.360627933392937D-07,    0.189038598010978D-05,
    0.207169715447356D-07,   -0.937535044883836D-07,   -0.491376478392423D-05,
   -0.538524915701088D-07,   -0.832185633636407D-08,   -0.436174231175221D-06,
   -0.478017263635651D-08,    0.355972315230111D-10,    0.186714377576840D-08,
    0.204610858744792D-10,   -0.781142094353027D-09,   -0.409250652664735D-07,
   -0.448045580412009D-09,   -0.575552134807171D-20,   -0.332982287589086D-17,
    0.188541068616891D-17,    0.454554808777394D-19,    0.218063912687326D-18,
   -0.539431460790404D-19,   -0.599161377036830D-17,    0.324850159271233D-17,
    0.416688738374836D-18,    0.427776383571863D-18,   -0.227863231460846D-20,
   -0.254167166936833D-18,    0.143314974484240D-18,    0.167351452897698D-19,
    0.169357032323372D-19,    0.587289815671935D-20,   -0.427235958706171D-18,
    0.539572138052296D-18,   -0.664991841620900D-19,    0.781154021642587D-19,
    0.282510094765175D-07,    0.148079173992016D-05,   -0.265010197637124D-07,
    0.364720714192721D-07,    0.344822690304889D-11,   -0.191169982788478D-05,
    0.126658109894457D-03,    0.113828530896039D-18,   -0.162144853674553D-17,
    0.620497389322551D-19,    0.692525966138044D-18,    0.646994145512194D-19,
   -0.978323804825730D-19,    0.288303693586211D-18,   -0.297136624700812D-03,
   -0.954805957407132D-09,    0.248706275271400D-06,   -0.611187357218041D-04,
   -0.278971299272814D-09,    0.511399775500799D-07,    0.496696955710500D-04,
    0.242493752030329D-09,   -0.415695814196194D-07,    0.668021574015062D-06,
    0.468808389236638D-11,   -0.559323394097545D-09,   -0.242690403226983D-06,
   -0.859780884538986D-12,    0.203059230242956D-09,    0.381923574264537D-05,
    0.212915267479406D-10,   -0.319457155649188D-08,    0.229210707941435D-18,
    0.359649684696581D-16,    0.542628320579753D-18,   -0.641054053362811D-18,
    0.289487599164238D-19,    0.402087901932811D-18,    0.523807171653322D-16,
    0.114801563281828D-17,   -0.928664301781511D-18,    0.886194239833855D-19,
    0.240445409978428D-20,    0.230824506444314D-17,    0.113409396577872D-19,
   -0.519858416071948D-19,   -0.960614601643131D-21,    0.130064581257729D-18,
    0.702240365873892D-17,    0.103398359434708D-17,   -0.195186440790096D-18,
   -0.383492414101939D-18,    0.258368136393860D-04,    0.245402235606539D-09,
    0.455216687454182D-08,   -0.413330442471737D-08,   -0.462071565986104D-06,
   -0.160668304098286D-09,    0.881571638602523D-08,    0.262485797164977D-04,
    0.333182155838493D-18,    0.801406430057402D-18,   -0.256224653549293D-18,
   -0.107812614391508D-17,    0.123634427971889D-18,    0.740873455880095D-19,
   -0.687223772395944D-19,   -0.176461674477550D-08,   -0.297065312795309D-03,
   -0.130364844373047D-04,   -0.281677535831608D-09,   -0.611040455741639D-04,
   -0.268051956540489D-05,    0.213031742648134D-09,    0.496577673948429D-04,
    0.217886558692242D-05,    0.143635328405675D-11,    0.667861386031287D-06,
    0.293152360097691D-07,   -0.136602698599032D-11,   -0.242632069439157D-06,
   -0.106437047457342D-07,    0.138510631107478D-10,    0.381831637139133D-05,
    0.167440163309197D-06,   -0.388106213433112D-18,    0.409686750339859D-16,
    0.169972063126440D-16,    0.170985523964073D-17,    0.149398206444896D-17,
   -0.324345558712329D-18,    0.590597993543118D-16,    0.231943548527491D-16,
    0.223460996540916D-17,    0.244480357694278D-17,   -0.763175341190216D-20,
    0.261242965846571D-17,    0.974133517361464D-18,    0.126063488326100D-18,
    0.493607123510298D-19,   -0.110703426206847D-18,    0.740850957153131D-17,
    0.293298294945139D-17,    0.583888737389151D-19,   -0.344947979289216D-18,
    0.243599789018882D-09,    0.258240029697984D-04,   -0.238605800047459D-06,
    0.154995938663561D-09,    0.881523235927709D-08,   -0.413617307224259D-08,
    0.462071377963581D-06,    0.225111209108188D-09,    0.262367852347474D-04,
   -0.365893314705662D-18,    0.419912620795192D-17,    0.438163806697718D-18,
    0.226177059339565D-17,   -0.103176928970173D-18,   -0.808894095512383D-19,
    0.232322985063825D-18,   -0.152197615630778D-06,    0.797862576296479D-05,
   -0.363955945613279D-03,   -0.313179624605142D-07,    0.164154459720985D-05,
   -0.748446172287719D-04,    0.254485038564492D-07,   -0.133384989936703D-05,
    0.608331874433773D-04,    0.342254471047841D-09,   -0.179347974180077D-07,
    0.818368494435143D-06,   -0.124344964517817D-09,    0.651829335654454D-08,
   -0.297191142529511D-06,    0.195771032658453D-08,   -0.102603531910334D-06,
    0.467579102041796D-05,    0.416098224887241D-18,   -0.948298468173595D-17,
   -0.106141371445989D-16,    0.226243983426688D-17,   -0.272041182739363D-19,
    0.131413118046455D-17,   -0.887704038348330D-17,   -0.179313927412006D-16,
    0.294753120324865D-17,   -0.403554218420119D-18,    0.219010137927518D-19,
   -0.760111483512080D-18,   -0.811336861302234D-18,    0.107199338723995D-18,
   -0.173944886306475D-19,    0.105703756329618D-18,   -0.554574576049932D-18,
    0.337494330973931D-17,    0.262500384916825D-17,    0.561309211690650D-18,
    0.455226234438750D-08,   -0.238605725958963D-06,    0.213889288141328D-04,
    0.153964267105437D-12,   -0.315644351897403D-09,    0.729398758127385D-13,
   -0.826960790082558D-08,    0.419111397095876D-08,   -0.219678565557116D-06,
    0.221535193167064D-04,   -0.358695330791420D-18,   -0.108195618414251D-16,
    0.993117120785595D-19,    0.107474572538248D-17,   -0.425100060028848D-19,
   -0.279194302561962D-19,    0.396893645701148D-19,    0.136814658819045D-06,
   -0.766519461778581D-08,    0.516761650665672D-10,    0.283709573098577D-07,
   -0.118013659240735D-08,    0.203933431393653D-11,   -0.232865266033072D-07,
    0.652852688367542D-09,    0.496490575072983D-11,   -0.318728234218795D-09,
    0.266256323713726D-11,    0.198695641438705D-12,    0.112386738432731D-09,
   -0.492263866447304D-11,    0.131718698490879D-13,   -0.181079633162928D-08,
    0.168010884506567D-10,    0.110474342498310D-11,    0.155556049101061D-18,
   -0.612501910803853D-17,    0.134862773349544D-16,    0.165821020043470D-16,
    0.226565891801861D-17,    0.245471392669132D-18,   -0.776409289464140D-17,
    0.150997573571655D-16,    0.270764704296710D-16,    0.370288331986666D-17,
    0.115979530583785D-19,   -0.383421664908381D-18,    0.753926938343493D-18,
    0.894548921987099D-18,    0.109212007837157D-18,    0.516008296923298D-19,
   -0.112336450448698D-17,    0.247537276424007D-17,    0.405111781261116D-17,
    0.585796825678459D-18,   -0.413199233778470D-08,    0.161908216011896D-09,
   -0.216649488037050D-12,    0.613632637811549D-04,    0.596531474832986D-06,
    0.378928533908350D-11,    0.113806893369199D-07,   -0.380304062379511D-08,
    0.147493294414701D-09,   -0.113248502620163D-12,    0.589576665477838D-04,
    0.186194096486994D-18,    0.607401400870823D-17,   -0.312742666236344D-19,
   -0.300408566928723D-18,    0.157391910038400D-19,    0.442608973656396D-20,
    0.317756625881568D-19,   -0.103027545078707D-04,    0.196510023455085D-06,
    0.431391382505570D-08,   -0.211919176464765D-05,    0.404282860544924D-07,
    0.886521067243299D-09,    0.172220877664769D-05,   -0.328626371348768D-07,
   -0.720603891356566D-09,    0.231623146673627D-07,   -0.442090813093433D-09,
   -0.969653255423852D-11,   -0.841489828551176D-08,    0.160535105858041D-09,
    0.352007281353840D-11,    0.132424691124667D-06,   -0.252769145736196D-08,
   -0.553266716181407D-10,   -0.626599567025190D-19,    0.168026509916960D-17,
    0.226729678683193D-18,    0.139278876137240D-18,    0.547258465931077D-18,
   -0.108027487648143D-18,    0.235851017116824D-17,   -0.106411697432759D-17,
    0.573911135976958D-18,    0.960963871107434D-18,   -0.579831180895762D-20,
    0.898694621551689D-19,    0.334550029506836D-19,   -0.422563955092572D-20,
    0.245756545901154D-19,   -0.195513231056309D-19,    0.305272320657727D-18,
   -0.804335297137273D-19,    0.928115377356325D-19,    0.128351781904927D-18,
   -0.462071536295661D-06,    0.881563265410537D-08,   -0.315661689876077D-09,
    0.596531415471011D-06,    0.391552360305472D-04,    0.113807941116640D-07,
   -0.262175515366344D-11,   -0.425429920659482D-06,    0.811623121034788D-08,
   -0.290623301319572D-09,    0.549222921170995D-06,    0.385108710336165D-04,
    0.392519774045049D-18,    0.479070585345066D-17,   -0.310219108106640D-19,
   -0.664633384713538D-18,    0.266234021803946D-19,    0.163470196647173D-19,
   -0.450097683126028D-19,    0.289166653151385D-08,    0.139759633569388D-06,
   -0.325778098137932D-10,    0.991346100609067D-09,    0.285183238189440D-07,
   -0.166422899147841D-11,   -0.111191461032166D-08,   -0.229460542401655D-07,
   -0.389544294374815D-11,   -0.210723666640721D-10,   -0.303068121157768D-09,
   -0.178410915052796D-12,    0.370006467851973D-11,    0.113509262703387D-09,
   -0.126638628189432D-13,   -0.118902027997394D-09,   -0.174415545644616D-08,
   -0.741648584365519D-12,   -0.323105795324959D-18,    0.741773527748989D-17,
    0.169102699703327D-16,    0.447750981888487D-16,    0.458741756076449D-17,
   -0.481299705962940D-18,    0.490574908516688D-17,    0.221400636769353D-16,
    0.684513041497266D-16,    0.771127948722875D-17,   -0.171299127819539D-19,
    0.544412584255944D-18,    0.741316796019369D-18,    0.250049129064608D-17,
    0.217791860200394D-18,   -0.833392135914453D-19,    0.627922818698400D-18,
    0.365812600039172D-17,    0.103046890067199D-16,    0.119755096162528D-17,
   -0.153729338973671D-09,   -0.413748368994062D-08,    0.150350866835959D-12,
   -0.378344470694892D-11,    0.113807139935259D-07,    0.613632637800751D-04,
   -0.596531477834532D-06,   -0.143119108181450D-09,   -0.381052770874549D-08,
    0.199817481047024D-12,    0.526356109570301D-14,    0.104780983619764D-07,
    0.589576665437229D-04,   -0.327580832138332D-18,   -0.139278810790182D-16,
    0.144591097917956D-18,    0.922793097873500D-18,   -0.429030527941187D-19,
   -0.262508261552825D-19,   -0.182570109456520D-19,    0.196636595334735D-06,
    0.103026748819474D-04,    0.112989482258688D-06,    0.404332814621125D-07,
    0.211918768780429D-05,    0.232238429136194D-07,   -0.328504763865821D-07,
   -0.172221831386946D-05,   -0.188815039356376D-07,   -0.441604183058359D-09,
   -0.231627510985468D-07,   -0.254130907099727D-09,    0.160567362690294D-09,
    0.841486729602403D-08,    0.922155892747464D-10,   -0.252498544327866D-08,
   -0.132426503815664D-06,   -0.145012719851898D-08,    0.175296212638000D-18,
    0.914627447983716D-17,    0.328745712879001D-17,   -0.210363971718308D-17,
    0.301897162865176D-19,    0.288589858894663D-18,    0.150473464999716D-16,
    0.614438498059145D-17,   -0.349612605331587D-17,    0.122328636498301D-18,
    0.136007296523696D-19,    0.480062546262805D-18,    0.142534271435852D-18,
   -0.977466007240104D-19,    0.246511243922935D-21,    0.593714189193623D-19,
    0.213073971922500D-17,    0.920121182463945D-18,   -0.526721354666579D-18,
    0.402946372228611D-19,    0.881574535702106D-08,    0.462071425924037D-06,
   -0.826960810447199D-08,    0.113812518478564D-07,   -0.701182908688971D-11,
   -0.596531500530335D-06,    0.391552288447821D-04,    0.811680108111825D-08,
    0.425429550302098D-06,   -0.761394047853428D-08,    0.104784871749774D-07,
   -0.999180166853996D-11,   -0.549223079449118D-06,    0.385108552110178D-04,
 DENSITY      SPIN             2    0    1    6    2
   -0.497206041100779D-02,    0.133883138296361D-01,    0.231230005548352D+00,
    0.460165444288643D-02,   -0.927044685932018D-02,   -0.708300443462230D-03,
   -0.406845937926961D-03,   -0.101001128911854D+00,    0.136198526298775D-02,
    0.420510616100892D-02,    0.113431228156719D-02,    0.327639980575682D-02,
    0.179086430775522D-03,   -0.276702469695833D-03,    0.546999953581675D-04,
   -0.103680825105983D-02,    0.292796288971087D-02,   -0.575704663870548D-05,
   -0.171953721715448D-03,   -0.255106420670373D-04,    0.138872300752576D-04,
   -0.506571735891878D-04,   -0.144509485730186D-01,    0.714811013243251D-04,
   -0.292416407045519D-03,   -0.127683250425914D-04,    0.787051111695746D-05,
   -0.197901154185876D-03,   -0.214678410799634D-15,   -0.512272618691003D-15,
    0.292093341991859D-15,    0.809959029860303D-15,   -0.323826391537584D-15,
    0.208926818127409D-15,   -0.474361915476430D-15,    0.101280111626391D+01,
    0.183085693587859D-15,    0.143714915922918D-15,    0.167743369263383D-15,
    0.453568471335158D-15,   -0.225408035239026D-15,   -0.136842640477275D-15,
   -0.286130110177415D-15,    0.929944169186792D-05,    0.101231386052846D+01,
    0.463433827192585D-17,    0.169462384319534D-15,   -0.367104385091903D-17,
   -0.194657240946518D-16,    0.518267289484396D-17,    0.325228810604001D-17,
    0.568557539405498D-17,    0.424115026153917D-03,   -0.222301220910309D-01,
   -0.103685905647810D-02,    0.299685128817983D-17,   -0.415363448971995D-17,
   -0.248814980356127D-17,   -0.359010966663270D-17,    0.243260152613893D-17,
   -0.191763911383372D-17,   -0.142054745176082D-17,   -0.142118178301077D-01,
   -0.141660588342217D-06,   -0.581004335416737D-05,    0.472476331719421D-02,
   -0.684256800158935D-17,   -0.175164334343539D-15,    0.356857789011518D-18,
    0.263508738087461D-17,    0.462326838529755D-18,    0.865640669908975D-18,
    0.149864159517822D-18,   -0.113143216735933D-06,   -0.142051424493856D-01,
    0.304551637576864D-03,    0.456182368299522D-07,    0.472237309331877D-02,
   -0.682209723384968D-17,   -0.130112727979557D-15,   -0.150624193312469D-18,
    0.686140894191823D-17,   -0.263422132551630D-18,   -0.977882690336238D-19,
   -0.907194661803738D-18,   -0.581066861578021D-05,    0.304551623825970D-03,
   -0.322285027046714D-03,    0.208048832535753D-05,   -0.109049447825070D-03,
   -0.248599921717408D-03,    0.367272484031616D-17,    0.693260088161712D-17,
   -0.498763005891538D-17,   -0.718360910258392D-17,    0.573355615972350D-17,
   -0.464071455497613D-17,    0.115320627526750D-17,   -0.293435142424074D-01,
   -0.241311046484434D-06,   -0.122972826429654D-04,    0.622172810254976D-02,
    0.562824980909066D-07,    0.262047923922053D-05,    0.120553568505691D-01,
   -0.179170147174219D-17,    0.297051191214399D-16,   -0.143504557266095D-17,
   -0.111845067917730D-16,    0.296252074670626D-17,    0.224756048138841D-17,
    0.410465880549496D-17,   -0.297939312314488D-06,   -0.293293868980729D-01,
    0.644533372693459D-03,    0.586332804756312D-07,    0.621871752546098D-02,
   -0.137351889546943D-03,    0.110600186889185D-06,    0.120495618171623D-01,
   -0.148325127979770D-17,   -0.465285404608218D-16,    0.235149820588671D-18,
    0.246617401523211D-17,   -0.171446124709870D-18,   -0.962115357978225D-19,
   -0.261324196672127D-18,   -0.122960409854946D-04,    0.644533397146366D-03,
    0.513950284173976D-04,    0.262042770955767D-05,   -0.137351891433571D-03,
   -0.424103635892834D-04,    0.504408786669929D-05,   -0.264387447215338D-03,
   -0.242820137305609D-05,    0.565817917371161D-18,   -0.102953615456855D-17,
   -0.125479728217565D-18,   -0.263706286692373D-17,   -0.731243499591132D-19,
    0.202313187024159D-18,   -0.854542828826579D-18,    0.557279057281628D-03,
    0.396669043626978D-08,    0.212423413431344D-06,   -0.722933502276029D-04,
   -0.630162313335677D-09,   -0.290841685548878D-07,    0.114736649778753D-03,
    0.125621982773414D-08,    0.539348051506489D-07,    0.225608477528462D-04,
    0.541321029313214D-18,   -0.131132047861083D-17,   -0.135688437812105D-19,
   -0.122407217612981D-17,   -0.886674049394835D-19,   -0.509808585897359D-19,
   -0.410860225147623D-18,    0.534813654565766D-08,    0.557035026434883D-03,
   -0.111334456739701D-04,   -0.645270012749265D-09,   -0.722599363013465D-04,
    0.152444712309839D-05,    0.110907506972168D-08,    0.114674683503754D-03,
   -0.282709431618504D-05,    0.273295662702620D-09,    0.225465280890087D-04,
   -0.360307693424876D-19,   -0.843944715360168D-17,    0.359924163569066D-19,
    0.632264017717242D-18,   -0.128063933309577D-19,   -0.144046612968627D-19,
    0.234351235726133D-19,    0.212393128412703D-06,   -0.111334467180319D-04,
    0.495215956941040D-04,   -0.290838386978079D-07,    0.152444725761998D-05,
   -0.276865769457650D-05,    0.539380302278080D-07,   -0.282709414467011D-05,
   -0.141972139213903D-04,    0.124640594165912D-07,   -0.653307588726283D-06,
   -0.723422168077083D-05,    0.484654928525443D-19,    0.577280109007885D-17,
   -0.197643060918334D-19,   -0.181833833913839D-18,    0.200635596331416D-19,
   -0.327849319735435D-20,    0.239177842537788D-19,   -0.246634934933942D-04,
   -0.224355354915484D-09,   -0.940996327777771D-08,    0.138338345925156D-04,
    0.119654707574491D-09,    0.545996107730692D-08,    0.225409963884073D-04,
    0.206838194418026D-09,    0.926210709044382D-08,    0.690039946937592D-05,
    0.670111679304934D-10,    0.305505735239838D-08,    0.328065905671426D-05,
   -0.387612028539100D-20,   -0.191604984848936D-18,   -0.292040400633303D-19,
   -0.219347388278420D-18,    0.957155102898328D-20,    0.315196572569831D-20,
   -0.436860785921720D-19,   -0.188320701816569D-09,   -0.246526821552227D-04,
    0.493246894500771D-06,    0.119783053341680D-09,    0.138275617738201D-04,
   -0.286185500640588D-06,    0.199340239430953D-09,    0.225303552779650D-04,
   -0.485480558742174D-06,    0.669634904512061D-10,    0.689688958551038D-05,
   -0.160131817969090D-06,    0.286390367695053D-10,    0.327915847901398D-05,
   -0.106346068932316D-18,    0.642200363796760D-18,   -0.515718504832983D-20,
   -0.247171378612944D-19,    0.940393834937175D-22,    0.100156524125680D-20,
    0.235975346618943D-20,   -0.941075326401933D-08,    0.493246861090874D-06,
   -0.216823162284402D-05,    0.545995819156449D-08,   -0.286185493779930D-06,
    0.781916870759984D-06,    0.926227141164869D-08,   -0.485480549887072D-06,
    0.399929385811995D-06,    0.305505838682391D-08,   -0.160131815549843D-06,
   -0.402651534142402D-06,    0.130612634308452D-08,   -0.684610216402393D-07,
    0.158391744784140D-06,   -0.382100362915697D-17,   -0.215395740960586D-16,
    0.522204248283389D-17,    0.149095582484742D-16,   -0.598427622280950D-17,
    0.384093166177955D-17,   -0.951843774975160D-17,    0.179650802586255D-01,
    0.147615473270286D-06,    0.750079847526635D-05,    0.109468125700638D-03,
    0.119086602177661D-08,    0.398551408118928D-07,    0.277950260575060D-03,
    0.255079876850884D-08,    0.115180472135145D-06,    0.274212379248074D-04,
    0.260034515950595D-09,    0.111694534530930D-07,    0.118845400413315D-05,
    0.107338862809884D-10,    0.469041518954649D-09,    0.374654679487482D-03,
    0.262802182924022D-17,   -0.243140797945011D-16,    0.320479569891166D-17,
    0.874769488025062D-17,   -0.427172488190144D-17,   -0.254951649474193D-17,
   -0.561825354016460D-17,    0.181303806917865D-06,    0.179564631927633D-01,
   -0.393137338222538D-03,    0.557222282222389D-09,    0.109422329090566D-03,
   -0.208938394835634D-05,    0.250028005327809D-08,    0.277817931816416D-03,
   -0.603724960494120D-05,    0.229798528964998D-09,    0.274084052227182D-04,
   -0.585467789333791D-06,    0.983561006478971D-11,    0.118791512208843D-05,
   -0.245854748086411D-07,    0.344541604874745D-08,    0.374474152662890D-03,
    0.727129045584216D-19,    0.359251501697709D-17,   -0.261838447874214D-18,
   -0.533477514103511D-18,    0.129158451298171D-18,    0.771213160851466D-19,
    0.899720935223343D-19,    0.750005980728627D-05,   -0.393137352653939D-03,
    0.354634738038117D-04,    0.398690334878597D-07,   -0.208938367169061D-05,
    0.141786502793000D-04,    0.115181577611098D-06,   -0.603724955007475D-05,
    0.261246162222940D-05,    0.111701163802482D-07,   -0.585467773543267D-06,
    0.720104039956243D-06,    0.469061216143125D-09,   -0.245854746014905D-07,
    0.671966555245145D-07,    0.157133376717279D-06,   -0.823619522196683D-05,
   -0.969325062227967D-06,   -0.156008208062107D-02,   -0.223352828365415D-01,
   -0.352271301133927D-05,    0.118950917507334D-02,   -0.490047992411423D-04,
   -0.159325949668532D-04,   -0.922845709964633D-04,    0.549406637083786D-17,
    0.315923946432657D-15,   -0.864369380537793D-17,   -0.992831750956466D-18,
   -0.244621477281897D-17,    0.681952567279360D-18,   -0.437857218654183D-19,
   -0.671438614949761D-17,    0.346749777438306D-18,   -0.724674481690564D-18,
   -0.957958367525871D-19,    0.789051347200016D-19,   -0.255550250862795D-19,
   -0.617586303403087D-19,    0.440423740574611D-21,   -0.800695528443750D-19,
    0.574976387900795D-17,   -0.224541082922123D-18,    0.158589682746501D-03,
    0.247913821238389D-07,    0.354931666079082D-06,    0.559798320935361D-10,
   -0.189025796301998D-07,    0.778738908377866D-09,    0.253186059957600D-09,
    0.146650124713797D-08,    0.220134747492699D-15,   -0.109165483653410D-15,
    0.152442519282041D-16,    0.322992513507538D-17,   -0.519145786254954D-18,
    0.499872116848066D-17,   -0.149236588233663D-16,    0.190464624339265D-16,
   -0.154044730592151D-16,    0.112099267529489D-18,    0.109676509143865D-17,
    0.686646046084512D-19,   -0.337368333536188D-21,    0.441966032833645D-19,
   -0.164057415844182D-20,    0.133720189771036D-16,   -0.389961060684230D-17,
    0.457970478053167D-17,   -0.625691779243027D-08,    0.946075823762897D-03,
    0.113064828083839D-05,    0.161871927045719D-04,    0.255303745638169D-08,
   -0.862080617469679D-06,    0.355155624438653D-07,    0.115469318803486D-07,
    0.668819912318575D-07,    0.160966318930098D-15,   -0.108190353582997D-15,
    0.173413113100651D-16,    0.712380632590680D-17,   -0.723301622888133D-17,
    0.877287889483838D-17,   -0.724483993778795D-17,    0.194356495144005D-16,
   -0.199019728195014D-16,    0.203683218604956D-18,   -0.647420713690667D-19,
    0.267888145058642D-18,    0.134349769328180D-20,    0.865785462830618D-20,
    0.844578620984889D-20,    0.471598832572714D-17,   -0.122037465784854D-16,
    0.600300499872715D-17,    0.142680322154207D-06,   -0.129533320046345D-04,
    0.355603667599003D-03,    0.649487533948774D-06,    0.929854141909058D-05,
    0.146656496869290D-08,   -0.495212005161589D-06,    0.204014938540645D-07,
    0.663299812063843D-08,    0.384195729214892D-07,   -0.785031674580059D-16,
   -0.183507778454257D-15,    0.112887256775076D-16,    0.240592964835152D-17,
   -0.363774695004729D-17,   -0.100308132214546D-16,   -0.179453528677101D-17,
    0.438684231053460D-17,    0.226392850588609D-16,   -0.892786273641839D-19,
   -0.579537027277209D-18,   -0.554920061235682D-18,    0.109516625333925D-18,
   -0.748219224825577D-19,   -0.148847508536538D-19,    0.988698810044417D-17,
   -0.147421845981013D-17,   -0.244890348472768D-16,   -0.163921170120358D-06,
   -0.163615211252288D-09,    0.247132269614711D-06,    0.946075615258402D-03,
   -0.592632841335292D-04,   -0.848456780843786D-03,   -0.133818258353904D-06,
    0.451862258575423D-04,   -0.186155934091201D-05,   -0.605236054898697D-06,
   -0.350564054007500D-05,    0.579309900805249D-16,    0.636346902640468D-16,
   -0.562222324407470D-18,    0.104737819554167D-17,    0.238777394688975D-17,
   -0.123474727245999D-17,    0.164563105962141D-17,    0.112076527260289D-17,
    0.107994046165770D-17,    0.301545319442564D-18,   -0.178232666399159D-18,
    0.367381775306898D-18,   -0.798287421817740D-19,    0.236930895778116D-18,
   -0.630967730844170D-19,    0.907202660426303D-18,    0.171845979687708D-17,
   -0.920540076699291D-18,   -0.747863389506722D-05,    0.247125182729710D-06,
    0.541881157113963D-08,    0.129533273069911D-04,    0.355319746187185D-03,
   -0.303815522351823D-03,   -0.427359942649627D-01,    0.100783122503194D-03,
    0.213053272994472D-02,   -0.734573229753364D-04,   -0.407482712545232D-04,
   -0.175129464956511D-03,    0.140918103118262D-15,   -0.628305819059815D-15,
    0.123588160919779D-16,   -0.259946842654245D-17,    0.542673181021105D-17,
    0.124396240037522D-17,   -0.278790142855209D-17,    0.122305435376728D-16,
    0.147690992873716D-18,   -0.133518979558515D-17,   -0.884464023832229D-18,
    0.137447966635115D-18,   -0.345636995214114D-19,   -0.121800711625952D-18,
   -0.825459542212797D-21,    0.218652659767263D-17,   -0.116330577163371D-16,
    0.226507302480777D-19,    0.224041809813355D-03,   -0.101956351894875D-07,
    0.232488464591121D-06,   -0.267100950002732D-06,   -0.121859995091133D-04,
    0.418719671691225D-03,    0.482795748426463D-08,    0.679121005268770D-06,
   -0.160155255998402D-08,   -0.338564616961954D-07,    0.116731610020234D-08,
    0.647533951527432D-09,    0.278299600519684D-08,   -0.219274030582950D-15,
    0.560283326785841D-16,   -0.324476476755450D-17,    0.944849680383535D-17,
    0.593680481617563D-17,    0.747958667271238D-17,   -0.301589068566248D-16,
    0.364503826976352D-16,   -0.241467262076214D-16,   -0.381322674264529D-18,
    0.170166428797286D-17,    0.364376359872986D-18,   -0.135065894233587D-19,
    0.691739863905158D-19,    0.538666675984601D-20,    0.121874787740547D-16,
   -0.266067281812943D-17,    0.895237907868362D-17,   -0.101956465806836D-07,
    0.150720586546157D-02,   -0.211067279671551D-04,    0.597912766359221D-09,
    0.402695098044078D-06,   -0.191985440738456D-07,    0.283484392363988D-02,
    0.220186244055504D-06,    0.309723341555437D-04,   -0.730412059353130D-07,
   -0.154407479762899D-05,    0.532372029784658D-07,    0.295317583795475D-07,
    0.126922719341502D-06,   -0.104326958972640D-15,   -0.127766432070693D-16,
    0.136697355126585D-16,    0.113245869208285D-17,   -0.266846148009130D-18,
    0.143269151755150D-16,   -0.363923555184321D-16,    0.520115446539042D-16,
   -0.355449628451127D-16,   -0.171707997303293D-18,    0.653423273673686D-19,
    0.691529919733693D-18,   -0.353861373753066D-19,    0.389589722765407D-19,
    0.138424371031106D-19,   -0.692601084363614D-18,   -0.186261140322335D-16,
    0.113320059227927D-16,    0.232490084856942D-06,   -0.211067275803176D-04,
    0.545064594792009D-03,    0.402670145287022D-06,    0.880717835118815D-08,
    0.437762225280732D-06,   -0.397428094812511D-04,    0.102318470253270D-02,
    0.126483405380962D-06,    0.177916920794488D-04,   -0.419576607722770D-07,
   -0.886975565548663D-06,    0.305814843309629D-07,    0.169641703604147D-07,
    0.729092614901342D-07,    0.172108883999085D-16,   -0.301243759161650D-16,
    0.169833355327286D-16,   -0.274429726968052D-17,    0.402861990126435D-17,
   -0.181394821759024D-16,   -0.170464540114857D-16,    0.279568254760083D-16,
    0.414088478906703D-16,    0.805392786031900D-19,   -0.843270632147523D-18,
   -0.102948833371132D-17,    0.188488383571083D-18,   -0.111099257904256D-18,
   -0.283710746261183D-19,    0.212986390079612D-16,    0.460540820179276D-17,
   -0.465137139955345D-16,   -0.267101029343072D-06,    0.488621953418024D-09,
    0.402671582534954D-06,    0.150720659397809D-02,    0.211067443994137D-04,
   -0.502938721739246D-06,    0.261025657639340D-08,    0.758173197692033D-06,
    0.283484735506134D-02,   -0.115411310680492D-04,   -0.162342460757351D-02,
    0.382847771349751D-05,    0.809331647359962D-04,   -0.279044468959178D-05,
   -0.154791637632933D-05,   -0.665269413702247D-05,   -0.302773049866829D-16,
    0.407356243223974D-15,   -0.975902710510927D-17,    0.174221090057099D-18,
   -0.934443508851497D-17,   -0.243750768242130D-17,    0.275025602038524D-18,
   -0.251945316488062D-16,    0.261660937977552D-17,    0.442467955736149D-18,
   -0.370774174414433D-18,    0.700714688563008D-18,   -0.143351850060468D-18,
    0.387862940268567D-18,   -0.854054027077918D-19,   -0.122424514307330D-17,
    0.705772490494409D-17,   -0.172489800331773D-17,   -0.121859964694434D-04,
    0.402693663241819D-06,    0.885133913639725D-08,    0.211067440188724D-04,
    0.544601961917887D-03,   -0.229454431352942D-04,    0.758286215244020D-06,
    0.166241781389948D-07,    0.397428868588899D-04,    0.102231359586304D-02,
   -0.964309849929481D-03,   -0.133701929909534D-02,   -0.188290898617515D-04,
    0.117644704524484D-03,   -0.228491157215199D-04,    0.532277513405674D-05,
    0.395377547481783D-05,    0.277321645539978D-16,   -0.122373513681684D-16,
    0.817414925297719D-19,   -0.297490902843564D-18,    0.362063726585777D-18,
    0.142950885347117D-18,   -0.436608898914407D-18,    0.385564541447372D-18,
    0.341144129058196D-19,   -0.183541260090766D-19,   -0.187334288097316D-19,
    0.540909399217443D-20,   -0.661105078870402D-20,   -0.423570984263100D-20,
    0.477050864805832D-21,    0.529620140412651D-18,   -0.197435183732452D-18,
   -0.293324288307799D-20,    0.282366951046276D-04,   -0.459767301863790D-09,
    0.104841418906548D-07,   -0.120449854024315D-07,   -0.549531085667322D-06,
    0.342040515797990D-04,   -0.434424802342407D-09,    0.990567730206147D-08,
   -0.113804817293234D-07,   -0.519208517842498D-06,    0.678349914775228D-05,
    0.153239217687233D-07,    0.212466767276342D-07,    0.299214518357080D-09,
   -0.186950105253964D-08,    0.363097050388867D-09,   -0.845846279483377D-10,
   -0.628297427230170D-10,   -0.453585896038633D-16,   -0.703278102405322D-17,
    0.554375088099632D-18,    0.831476125866672D-18,    0.110121567308620D-17,
    0.289904528491601D-18,    0.635487145608944D-18,    0.256803373087010D-17,
   -0.831605059840611D-18,   -0.204882750751164D-19,    0.981726574107641D-19,
    0.830512151680589D-21,    0.462222117578419D-20,   -0.120912555866312D-20,
    0.450571253233607D-21,   -0.224601459330514D-18,   -0.168201878925090D-18,
    0.262660078202717D-18,   -0.459764671633082D-09,    0.861013556832273D-04,
   -0.951814215083039D-06,   -0.343456960775571D-12,    0.181590624128019D-07,
   -0.434421612692909D-09,    0.888760294827246D-04,   -0.899299018003130D-06,
    0.525651070533115D-10,    0.171583406185165D-07,   -0.121325765654901D-09,
    0.220531272918221D-04,    0.698870502996213D-06,    0.968986640572065D-06,
    0.136461277595690D-07,   -0.852614069537598D-07,    0.165595871888865D-07,
   -0.385760917781222D-08,   -0.286544486901531D-08,   -0.232121841595499D-16,
   -0.305421431434246D-16,    0.366558161258730D-18,    0.475407809691433D-18,
   -0.239719950889285D-18,    0.294683735553289D-18,   -0.970033325780838D-18,
    0.207834477662408D-17,   -0.173237708007591D-17,   -0.245812334376085D-19,
   -0.300262755422974D-19,    0.513029076915908D-19,   -0.331857457885467D-20,
    0.134607866164348D-20,    0.122415323459087D-21,   -0.344884152440663D-18,
   -0.149091802247082D-17,    0.589175565231674D-18,    0.104841957436471D-07,
   -0.951814186654999D-06,    0.427133078410806D-04,    0.181591102763524D-07,
    0.397415490958775D-09,    0.990565570357311D-08,   -0.899299024189687D-06,
    0.478818625988865D-04,    0.171560515315237D-07,    0.376492959295607D-09,
    0.276661234293486D-08,   -0.251169835983188D-06,    0.106036564747661D-04,
    0.401457906746621D-06,    0.556622938368642D-06,    0.783885690959757D-08,
   -0.489774087821173D-07,    0.951245930690974D-08,   -0.221595802796459D-08,
   -0.164602078952396D-08,    0.738452838572584D-18,    0.121602107417428D-15,
   -0.207225420867349D-17,   -0.291066150169839D-17,    0.413108282639513D-17,
   -0.746698746623694D-18,   -0.543382528647318D-17,    0.780304207460087D-17,
    0.125671487733586D-17,   -0.579770125689724D-19,    0.166959787570781D-18,
   -0.315526088997791D-19,    0.377662051640833D-20,    0.971941354760680D-20,
   -0.194211505322521D-20,    0.321678130789826D-18,    0.309020814292247D-17,
   -0.159373309223220D-17,   -0.120449900775238D-07,    0.331930113270978D-11,
    0.181589976430508D-07,    0.861013564677133D-04,    0.951814233838017D-06,
   -0.113804786038990D-07,    0.612427247434034D-10,    0.171558751781762D-07,
    0.888761003236000D-04,    0.899300617984746D-06,   -0.317849972098987D-08,
    0.659012445970650D-12,    0.479190283127314D-08,    0.220531278268784D-04,
   -0.366315165428132D-04,   -0.507897386089612D-04,   -0.715266064959193D-06,
    0.446900338131908D-05,   -0.867975954772450D-06,    0.202197794522539D-06,
    0.150193191389648D-06,   -0.287332434734182D-18,    0.634319258809903D-16,
   -0.140479818551390D-17,   -0.230241224814078D-18,   -0.122486949454763D-18,
   -0.183180130894245D-18,   -0.424079429114564D-18,   -0.800383851615622D-18,
    0.111985805287107D-18,    0.205812260587741D-19,    0.174479377829485D-19,
    0.420290235616094D-19,   -0.107394657873386D-19,    0.241663122520072D-19,
   -0.106384884846243D-19,   -0.757622027030638D-19,    0.122686556110094D-17,
   -0.945985213859653D-19,   -0.549530904256810D-06,    0.181591753890317D-07,
    0.398921813957140D-09,    0.951814205487366D-06,    0.426924452660654D-04,
   -0.519208661982664D-06,    0.171585170347832D-07,    0.375851499638689D-09,
    0.899300623867150D-06,    0.478621512278278D-04,   -0.145012853107779D-06,
    0.479193152553811D-08,    0.105070515750090D-09,    0.251169848214209D-06,
    0.105981511592291D-04,   -0.111512987028437D-03,   -0.735960930633684D-02,
    0.846058179558411D-04,    0.377993984425798D-03,   -0.236405025132365D-04,
   -0.111186426026776D-04,   -0.129042887768023D-04,   -0.136483523325286D-15,
    0.171542196754051D-17,   -0.990074268150357D-18,    0.151987670033813D-17,
   -0.193705404093124D-17,    0.308435615001211D-18,    0.430229043434297D-17,
   -0.458980189214083D-17,    0.245225339212478D-18,   -0.271020102593154D-18,
   -0.154639602305964D-18,    0.429885101492519D-19,   -0.698734393097928D-20,
   -0.279148435252963D-19,   -0.167673502803503D-20,   -0.242636232948152D-17,
   -0.286499440500257D-18,   -0.201909392868729D-19,    0.571880559014316D-04,
   -0.135637176820209D-08,    0.309263217880397D-07,   -0.355479833903908D-07,
   -0.162112857268207D-05,    0.120547689236986D-03,   -0.287283618878556D-08,
    0.655014928661237D-07,   -0.752861884166148D-07,   -0.343349263144947D-05,
    0.666060669978181D-05,   -0.418770486039158D-10,    0.954950909930851D-09,
   -0.109784182242944D-08,   -0.500611649324079D-07,    0.305318204324474D-04,
    0.177205828628369D-08,    0.116951904994222D-06,   -0.134447684792696D-08,
   -0.600672217777402D-08,    0.375672636929604D-09,    0.176687030092244D-09,
    0.205062079048240D-09,    0.574806736758844D-16,    0.997708467212844D-16,
    0.299326379119258D-18,    0.189025048834837D-16,   -0.356793812476332D-16,
    0.225358818206739D-17,    0.299502915421145D-16,   -0.642248040359371D-16,
   -0.322367872555018D-17,    0.457612407458749D-18,   -0.523521926688572D-18,
    0.198162281825162D-19,    0.555427306543507D-19,   -0.101166319779359D-18,
    0.443063600048104D-20,    0.657157794617040D-17,   -0.368582835206209D-17,
    0.165808087774782D-17,   -0.135635009512429D-08,    0.227927944989120D-03,
   -0.280870177625666D-05,   -0.124417629863693D-08,    0.535569599651311D-07,
   -0.287279255049563D-08,    0.482160340255907D-03,   -0.594854709095786D-05,
   -0.212988316285286D-08,    0.113439688154213D-06,   -0.418751075830448D-10,
    0.119334250014111D-04,   -0.867403000741039D-07,   -0.683468641185240D-10,
    0.165328858200780D-08,   -0.510945880423900D-09,    0.948628847195249D-04,
    0.808174467308890D-07,    0.533377179215052D-05,   -0.613169060039542D-07,
   -0.273945819460715D-06,    0.171331250757883D-07,    0.805808211506113D-08,
    0.935217864236233D-08,   -0.392623789748171D-15,    0.183382743935360D-15,
    0.254977326161232D-16,    0.738831719374216D-16,   -0.682903976440113D-16,
    0.121437725327124D-16,    0.141521585079112D-15,   -0.121148606539169D-15,
   -0.527453420724980D-17,    0.164012773906155D-17,   -0.135415638056669D-17,
   -0.430093729683295D-18,    0.224825355513875D-18,   -0.199427513267120D-18,
    0.287410989493503D-19,    0.322837853077693D-17,   -0.957920639202914D-17,
    0.192618598504845D-17,    0.309307959035703D-07,   -0.280870161801183D-05,
    0.998944899817247D-04,    0.536133253798544D-07,    0.111743325031936D-08,
    0.655096923414266D-07,   -0.594854688337465D-05,    0.210998381397960D-03,
    0.113536470102434D-06,    0.238325449606119D-08,    0.955231656822362D-09,
   -0.867402942526483D-07,    0.797940658200311D-05,    0.165640120613532D-08,
    0.327517639077613D-10,    0.116517663779618D-07,   -0.105830093431704D-05,
    0.466207002464058D-04,    0.464245887165369D-07,    0.306391976158869D-05,
   -0.352227628858263D-07,   -0.157364813570064D-06,    0.984191600598945D-08,
    0.462886755579786D-08,    0.537224103320875D-08,   -0.213963728553496D-15,
    0.899638379358883D-16,    0.101097108129746D-16,   -0.206163941312171D-17,
   -0.289352844800358D-16,    0.102314952360171D-17,   -0.830143346565981D-17,
   -0.548561231471553D-16,    0.860349533491261D-17,   -0.370831479610717D-18,
   -0.882193486760433D-18,   -0.335041908584140D-18,    0.125020725314648D-19,
   -0.113461054928483D-18,    0.438891698481192D-20,   -0.970168213937246D-18,
   -0.163110858210460D-17,   -0.829244821242754D-17,   -0.355478956598420D-07,
   -0.143058763178842D-08,    0.536148826676339D-07,    0.227926199164349D-03,
    0.280866219313354D-05,   -0.752859952109702D-07,   -0.246367591921475D-08,
    0.113539164940261D-06,    0.482157343108662D-03,    0.594847910298018D-05,
   -0.109783030062854D-08,   -0.789098553635692D-10,    0.165647707873745D-08,
    0.119333284846078D-04,    0.867381155947454D-07,   -0.133951144782081D-07,
   -0.898519007452440D-09,    0.202098859913592D-07,    0.948617076629201D-04,
   -0.423607179672317D-05,   -0.279571320642552D-03,    0.321394485547359D-05,
    0.143589560144464D-04,   -0.898038122716091D-06,   -0.422366900681274D-06,
   -0.490197373944245D-06,    0.140008316612032D-14,    0.253667934366039D-14,
   -0.523312457511792D-16,   -0.483411065243830D-17,   -0.225915916650651D-17,
    0.593507994480203D-18,   -0.147109308041350D-16,   -0.176782572852103D-16,
    0.758103314694367D-18,    0.106424554989404D-17,    0.163466800751748D-17,
    0.545667414815120D-19,   -0.551947798078295D-20,    0.134350221483864D-18,
   -0.154430376126084D-19,    0.264795763648076D-16,    0.490091154111888D-16,
   -0.142273251105221D-17,   -0.162113285580467D-05,    0.535554032055984D-07,
    0.123303746934175D-08,    0.280866201845458D-05,    0.998329440160184D-04,
   -0.343350180078991D-05,    0.113436993759127D-06,    0.259445774534452D-08,
    0.594847886223237D-05,    0.210868029565622D-03,   -0.500617197259136D-07,
    0.165321268232129D-08,    0.398623593787471D-10,    0.867381085167839D-07,
    0.797750598681985D-05,   -0.610731394846484D-06,    0.201709735490160D-07,
    0.442933090032023D-09,    0.105827426129152D-05,    0.465975136766515D-04,
   -0.684965856821104D-18,   -0.701906244266382D-17,   -0.904683998205443D-19,
    0.178188571094452D-18,    0.711167537094283D-19,   -0.645326850242279D-19,
    0.853821308644689D-19,   -0.294899521828863D-03,   -0.159208128586019D-08,
    0.246766193996924D-06,   -0.245375209662825D-04,   -0.121577643328258D-09,
    0.205316961495956D-07,    0.614313013465984D-04,    0.288429089828167D-09,
   -0.514033813010214D-07,    0.188358554295454D-05,    0.920366854860011D-11,
   -0.157611417493088D-08,    0.121951187085529D-06,    0.508803837763531D-12,
   -0.102042938769274D-09,    0.210441983233327D-05,   -0.407178691312271D-11,
   -0.175994741506073D-08,    0.393412288985255D-19,   -0.277449523564924D-16,
    0.602661373137954D-18,    0.492387320394562D-18,   -0.735154869825565D-21,
    0.284920429611990D-19,   -0.471806278901254D-16,    0.100194832995577D-17,
    0.800660242356068D-18,    0.221893483467692D-19,    0.425548436524622D-20,
   -0.284506557569381D-17,    0.701834099966816D-19,    0.354151327953414D-19,
   -0.173792050272787D-20,    0.749541553489410D-19,   -0.619988203710656D-17,
    0.107896837558891D-17,    0.536037398124632D-19,   -0.332763997620551D-18,
    0.447602479636482D-04,    0.581727401862208D-18,    0.597556545900781D-17,
   -0.104294454926973D-19,   -0.187230292675379D-18,    0.710675939053106D-19,
    0.295975797374404D-19,    0.147646687884471D-18,   -0.111212700503757D-08,
   -0.294828652261351D-03,   -0.129340520416298D-04,   -0.103614864006347D-09,
   -0.245316233846398D-04,   -0.107616492021169D-05,    0.274909921232886D-09,
    0.614165380800515D-04,    0.269431667900634D-05,    0.806697224670880D-11,
    0.188313287202518D-05,    0.826118692935678D-07,    0.609244868444064D-12,
    0.121921879922685D-06,    0.534867072313905D-08,    0.233864743895646D-10,
    0.210391335429762D-05,    0.922639895753153D-07,   -0.633835391224547D-19,
   -0.321803161858854D-16,   -0.105606396895219D-16,   -0.190297193712258D-17,
   -0.157701561626764D-19,    0.265122739352249D-18,   -0.549713876316337D-16,
   -0.196805801642540D-16,   -0.318298397794773D-17,   -0.262465885556840D-18,
   -0.247323075187811D-20,   -0.333855043740128D-17,   -0.165083646493399D-17,
   -0.184340996852483D-18,   -0.147881716025068D-19,   -0.284431570762718D-19,
   -0.779647513545121D-17,   -0.333323460803855D-17,   -0.697982767309708D-18,
   -0.569117020378250D-18,    0.276184970539966D-09,    0.447457767798230D-04,
   -0.179479734722751D-17,   -0.173696398163330D-16,   -0.205258310858595D-19,
    0.946807249276872D-18,   -0.501485894845146D-19,   -0.844106185151550D-20,
   -0.261977250888351D-18,   -0.151119578067814D-06,    0.792030323361181D-05,
   -0.361136080522652D-03,   -0.125737593355010D-07,    0.659032260410542D-06,
   -0.300482537383725D-04,    0.314778730734799D-07,   -0.164990344555314D-05,
    0.752290281729819D-04,    0.965185904928353D-09,   -0.505889155652212D-07,
    0.230664028336914D-05,    0.624852241590970D-10,   -0.327532386431381D-08,
    0.149342140696914D-06,    0.107783374800080D-08,   -0.565336752038834D-07,
    0.257645223779715D-05,   -0.801520966772721D-19,    0.223622416928954D-16,
    0.327795865475515D-17,   -0.268583352936309D-17,    0.411139368501214D-20,
    0.274342786084109D-18,    0.368907200843753D-16,    0.541611986009391D-17,
   -0.472233751748327D-17,   -0.267363193346936D-18,    0.251146625241920D-19,
    0.244368354000289D-17,    0.226353337982366D-18,   -0.334313659012881D-18,
   -0.546335668733688D-20,   -0.136930968559667D-19,    0.555373336344723D-17,
    0.599795471883440D-17,    0.122325534294398D-17,    0.467322460022938D-18,
    0.514227660426584D-08,   -0.269534038712427D-06,    0.397358250924738D-04,
    0.204517553167897D-18,    0.296493463922289D-17,   -0.873246237370262D-20,
   -0.241446858042928D-18,    0.945589671015977D-20,    0.477387658200652D-20,
   -0.472240905653516D-20,    0.136487095225567D-06,   -0.660990250570145D-08,
    0.297452610650317D-10,    0.114653198365048D-07,   -0.360325856066628D-09,
   -0.163787355882584D-11,   -0.284499623990943D-07,    0.130979308640020D-08,
   -0.473191282270509D-11,   -0.869562069953689D-09,    0.434789923810678D-10,
   -0.216701951489163D-12,   -0.563814102576821D-10,    0.280309248635237D-11,
   -0.138029662180934D-13,   -0.973711407928370D-09,    0.393321627640852D-10,
   -0.406267774414122D-13,   -0.306708490738976D-19,    0.588476953494247D-17,
   -0.810830327279307D-17,   -0.210368041638872D-17,   -0.262643935870727D-18,
   -0.814514336063209D-19,    0.106856676307588D-16,   -0.182741227194298D-16,
   -0.439020198035972D-17,   -0.652880300314165D-18,   -0.466750279753042D-20,
    0.641570780048405D-18,   -0.139260378969436D-17,   -0.183473589820753D-18,
   -0.374765204247638D-19,   -0.709399826488282D-20,    0.133798479549302D-17,
   -0.234115569837574D-17,   -0.211353256750332D-18,   -0.221408655500650D-19,
   -0.467158712359530D-08,    0.173950793724688D-09,    0.231468152899090D-12,
    0.848901962668307D-04,   -0.374772539848624D-19,   -0.573565274361637D-18,
    0.279214459654504D-20,    0.776154442922590D-19,   -0.410757052709459D-21,
   -0.398845715164518D-20,    0.110188386141798D-19,   -0.102251681075608D-04,
    0.195034624894717D-06,    0.427851842385719D-08,   -0.850796171255619D-06,
    0.162335423759405D-07,    0.355862178070437D-09,    0.213003131320511D-05,
   -0.406314730978799D-07,   -0.891190906402071D-09,    0.653103677344447D-07,
   -0.124572809986927D-08,   -0.273273224638554D-10,    0.422846342440310D-08,
   -0.806569332423926D-10,   -0.176923604632540D-11,    0.729673743128732D-07,
   -0.139252416889658D-08,   -0.304928002473696D-10,    0.156277645599188D-19,
   -0.130195677114485D-17,   -0.154593689506209D-17,    0.120592883383009D-17,
    0.286938332255389D-20,    0.308970021349512D-19,   -0.224303473671887D-17,
   -0.317656524803176D-17,    0.208225161073909D-17,   -0.161554603347482D-19,
    0.112545569085680D-20,   -0.163675988124204D-18,   -0.270797780953851D-18,
    0.125204587197354D-18,    0.101689068557407D-21,    0.555513977561887D-20,
   -0.299569992682989D-18,   -0.397306270334690D-18,    0.312342000490615D-18,
   -0.345629886321401D-20,   -0.521943951629320D-06,    0.995793592888115D-08,
   -0.356549262058519D-09,    0.673831614165218D-06,    0.598043874948234D-04,
   -0.782750005659340D-18,   -0.878467527484068D-17,    0.354902601105572D-19,
    0.765927765964891D-18,   -0.348057273225252D-19,   -0.144597891315548D-19,
    0.175822277814705D-19,    0.386711449814354D-08,    0.138005110099645D-06,
   -0.171907952205800D-10,    0.511483388866756D-09,    0.113742093402809D-07,
    0.102738053145520D-11,   -0.872758291327901D-09,   -0.287302385151068D-07,
    0.316047532740364D-11,   -0.234405900845260D-10,   -0.883677015043287D-09,
    0.158844801224833D-12,   -0.152964286302455D-11,   -0.571306223562645D-10,
    0.847082956283809D-14,   -0.354486635449024D-10,   -0.985079660976474D-09,
    0.130531301846899D-12,    0.106611279642766D-18,   -0.163888549177859D-16,
   -0.658764257141228D-17,   -0.154857293717282D-16,   -0.333409457335131D-18,
    0.261578289412539D-18,   -0.295533732172004D-16,   -0.155621327571717D-16,
   -0.294787089474955D-16,   -0.814499435253336D-18,    0.160294739155715D-19,
   -0.187607747369534D-17,   -0.129872253019764D-17,   -0.161106088914171D-17,
   -0.345580163453738D-19,    0.327458849369592D-19,   -0.394221947805408D-17,
   -0.175539293780369D-17,   -0.289204907491672D-17,    0.333504942125143D-19,
   -0.182613854072133D-09,   -0.466957551778570D-08,   -0.564350817248340D-13,
   -0.224078878942109D-15,    0.128556295185482D-07,    0.848901962721283D-04,
   -0.153443852606499D-19,    0.723136520941725D-18,   -0.985743789592535D-20,
   -0.189327334634396D-18,    0.207925017379251D-20,    0.432766741239986D-20,
   -0.281008884925215D-19,    0.195107493313782D-06,    0.102251260824374D-04,
    0.112064129228151D-06,    0.162295305665976D-07,    0.850798685118057D-06,
    0.932384967469794D-08,   -0.406430639303544D-07,   -0.213002357660782D-05,
   -0.233441923502018D-07,   -0.124625891483404D-08,   -0.653099785419137D-07,
   -0.715767411939549D-09,   -0.806907412545853D-10,   -0.422844267472798D-08,
   -0.463422991273428D-10,   -0.139262320596187D-08,   -0.729670532028560D-07,
   -0.799104777852697D-09,   -0.405491524648741D-19,   -0.272711597072049D-17,
    0.856959727731163D-18,    0.803179205852919D-19,    0.954378994626546D-19,
   -0.100566808905583D-18,   -0.509018166587865D-17,    0.150590109260807D-17,
    0.309871148843554D-18,    0.193169600278199D-18,   -0.296673178810876D-20,
   -0.238250797763483D-18,    0.122957120627775D-18,    0.796479425432923D-20,
    0.143745941299414D-19,   -0.907675132444005D-20,   -0.641451811425678D-18,
    0.358895755438002D-18,   -0.127904129250833D-19,    0.498666849819964D-19,
    0.995777433522219D-08,    0.521944248685041D-06,   -0.934094861280075D-08,
    0.128556165808374D-07,    0.576247246861468D-11,   -0.673831416799764D-06,
    0.598043974345407D-04,    0.599134570997065D-19,   -0.999713728645030D-17,
   -0.403528513551747D-19,    0.445018024015838D-18,    0.674509891442127D-19,
   -0.735089855673650D-19,    0.873659526085906D-19,   -0.284869428177794D-03,
   -0.856113153221640D-09,    0.238429423470756D-06,   -0.210776916045601D-04,
   -0.110660315597546D-09,    0.176355592849815D-07,    0.658637993182721D-04,
    0.299747809867503D-09,   -0.551168411895612D-07,    0.451759538686422D-05,
    0.213034728604640D-10,   -0.378019653163638D-08,   -0.915734083009344D-07,
   -0.385988521200427D-12,    0.766189279215012D-10,    0.118648308561956D-05,
    0.970983096193997D-11,   -0.991594070585890D-09,    0.751887011824201D-19,
    0.282373274983670D-16,   -0.669291392462257D-19,   -0.488233267971149D-18,
    0.114284002571633D-19,    0.112533458108999D-18,    0.456947434442608D-16,
   -0.107469960822263D-18,   -0.821200630566832D-18,    0.392642725007683D-19,
    0.352219533633271D-20,    0.231465359397239D-17,    0.860362579409487D-20,
   -0.594289318560593D-19,   -0.113839072343972D-20,    0.945540679020288D-19,
    0.784012121192464D-17,    0.975287496139513D-18,   -0.185652304969795D-18,
   -0.303984464902212D-18,    0.209084060457323D-04,    0.888246047291763D-10,
    0.164565633788926D-08,   -0.149225655720672D-08,   -0.167050319159852D-06,
   -0.536468819127836D-10,    0.318715404877549D-08,    0.189963880874341D-04,
   -0.229544052668656D-19,    0.106561576116898D-16,   -0.783043780234002D-19,
   -0.769801905500165D-18,    0.811714518036579D-19,    0.453806976039548D-19,
    0.973962804579891D-19,   -0.175140920433765D-08,   -0.284801051377680D-03,
   -0.124978690782717D-04,   -0.827245488469459D-10,   -0.210726242211590D-04,
   -0.924357335805123D-06,    0.304457099435414D-09,    0.658479759309059D-04,
    0.288896909729215D-05,    0.201471614004722D-10,    0.451650974155519D-05,
    0.198139514846469D-06,   -0.453824846460697D-12,   -0.915513954238585D-07,
   -0.401604439937954D-08,    0.128745436168076D-11,    0.118619641765246D-05,
    0.519698401725736D-07,   -0.171074132824429D-18,    0.319685283853101D-16,
    0.755018841010261D-17,    0.131073290398074D-17,    0.664980293587252D-18,
    0.256457983534520D-19,    0.512980514969637D-16,    0.950864065979520D-17,
    0.200671266469267D-17,    0.967862296350085D-18,   -0.713075478218779D-20,
    0.261345108360851D-17,    0.840321789581189D-18,    0.134303638765462D-18,
    0.484394721670621D-19,   -0.774865791378407D-19,    0.822079527053627D-17,
    0.166345154845814D-17,    0.512778444632743D-19,   -0.286893341980097D-18,
    0.879641754271511D-10,    0.209037748294803D-04,   -0.862588143732623D-07,
    0.604606499674028D-10,    0.318674733776422D-08,   -0.149714392871013D-08,
    0.167050001924101D-06,    0.112817667030711D-09,    0.189904774754600D-04,
    0.763890078708781D-19,   -0.239502686547385D-16,    0.679394561342612D-19,
    0.127376498639183D-17,   -0.414983186790239D-19,   -0.264208920002007D-19,
   -0.265592140316403D-18,   -0.145914163912171D-06,    0.764939719558821D-05,
   -0.348922539591639D-03,   -0.108016941881718D-07,    0.566134801416534D-06,
   -0.258101631038660D-04,    0.337466721798984D-07,   -0.176884914482209D-05,
    0.806616884122841D-04,    0.231483759463601D-08,   -0.121331313092501D-06,
    0.553230736271293D-05,   -0.469227019769406D-10,    0.245956355387992D-08,
   -0.112136050738303D-06,    0.608712468357755D-09,   -0.318940063037297D-07,
    0.145170417654176D-05,   -0.499197430482201D-19,   -0.642138286660699D-17,
   -0.454419967250922D-17,    0.176777001533553D-17,   -0.480760709417918D-20,
    0.342192199667551D-18,   -0.760545964338146D-17,   -0.775063041623575D-17,
    0.255898905214688D-17,   -0.260736085119459D-18,    0.178513093328927D-19,
   -0.696461703832892D-18,   -0.699430370014068D-18,    0.857033497247118D-19,
   -0.106282375817639D-19,    0.182859787075654D-19,   -0.727045882598424D-18,
    0.336323597894307D-17,    0.219493394364760D-17,    0.428633676242113D-18,
    0.164570173370796D-08,   -0.862587645563548D-07,    0.193004432641551D-04,
   -0.180251838144963D-12,   -0.114113601971187D-09,    0.131825677197123D-12,
   -0.298971722313863D-08,    0.210030413501127D-08,   -0.110088114036214D-06,
    0.169442192026363D-04,   -0.370926293925137D-18,   -0.996517026715202D-17,
    0.592409659668886D-19,    0.108924941753840D-17,   -0.370567260580349D-19,
   -0.248004148060208D-19,    0.548704457210785D-19,    0.131201259672923D-06,
   -0.723977458765224D-08,    0.471717045482641D-10,    0.975933150640737D-08,
   -0.440054103427901D-09,    0.141847648687542D-11,   -0.308285312990166D-07,
    0.921726882503681D-09,    0.537378329845510D-11,   -0.211085460341128D-08,
    0.687276454838370D-10,    0.249255013635922D-12,    0.421705175693287D-10,
   -0.208325789988395D-11,    0.982419828839764D-14,   -0.586981602653190D-09,
   -0.352702491503901D-10,    0.122036229091113D-11,    0.154841931517537D-18,
   -0.468754632089207D-17,    0.626121022474109D-17,    0.136224360947336D-16,
    0.114109232306758D-17,    0.273324019665549D-18,   -0.704024417332375D-17,
    0.674139303388141D-17,    0.237504245080259D-16,    0.187230240664126D-17,
    0.132614020354969D-19,   -0.383965671508217D-18,    0.639716713133106D-18,
    0.952261404642231D-18,    0.102770419257015D-18,    0.614673571575401D-19,
   -0.121906016569008D-17,    0.162647588772359D-17,    0.424104264132105D-17,
    0.417074280251974D-18,   -0.149166119866927D-08,    0.619602850938896D-10,
   -0.260411452616432D-12,    0.337518575045003D-04,    0.215654483284546D-06,
   -0.113234721985400D-12,    0.411434238101418D-08,   -0.190316813416313D-08,
    0.780505184688608D-10,   -0.276175389668959D-12,    0.353885023247943D-04,
    0.110528895114045D-18,    0.253808062467328D-17,   -0.290611059702644D-19,
   -0.445048912315063D-18,    0.169374214336890D-19,    0.883889039886630D-20,
   -0.374394741796592D-19,   -0.987740732845287D-05,    0.188402131249090D-06,
    0.413543672712406D-08,   -0.730835024959713D-06,    0.139409098329590D-07,
    0.305720579393399D-09,    0.228371202732795D-05,   -0.435763135406640D-07,
   -0.955373366010598D-09,    0.156639819938049D-06,   -0.298872576863730D-08,
   -0.655229771188817D-10,   -0.317516670475410D-08,    0.605659932631374D-10,
    0.132832176928629D-11,    0.411383626765817D-07,   -0.786220263008887D-09,
   -0.171356637366398D-10,   -0.912759549255957D-19,    0.131409185933636D-17,
    0.142221709280230D-18,    0.174466533020454D-18,    0.239762027739690D-18,
   -0.170647278891023D-18,    0.207872419602793D-17,   -0.504511297046983D-18,
    0.486505767549488D-18,    0.416673537232172D-18,   -0.712546047781699D-20,
    0.960153383750038D-19,    0.234857427636741D-19,    0.562219247192332D-21,
    0.227679415025855D-19,   -0.318535590773070D-19,    0.347575759775453D-18,
   -0.391667891058551D-19,    0.932283361884078D-19,    0.828365777450980D-19,
   -0.167050306466455D-06,    0.318698383359394D-08,   -0.114121784262690D-09,
    0.215654454989566D-06,    0.257233470599341D-04,    0.411428962765317D-08,
   -0.618000480544386D-11,   -0.213207337730233D-06,    0.406729834982763D-08,
   -0.145648852361808D-09,    0.275239484190376D-06,    0.251417274935568D-04,
    0.421732651720642D-18,    0.615624772953940D-17,   -0.189732739278207D-19,
   -0.592343853705302D-18,    0.223225687047556D-19,    0.113918631464654D-19,
   -0.184209498699263D-19,    0.288133015020947D-08,    0.133954751939376D-06,
   -0.304945386533121D-10,    0.308792408018953D-09,    0.985976578465496D-08,
   -0.114148814950921D-11,   -0.141842511576989D-08,   -0.304775160493248D-07,
   -0.399367181156609D-11,   -0.917812754605012D-10,   -0.209412384603433D-08,
   -0.188819021490392D-12,    0.117020452431673D-11,    0.430658722239623D-10,
   -0.100434289080426D-13,   -0.774344140622800D-10,   -0.517405322776548D-09,
   -0.775766545135674D-12,   -0.180901758482322D-18,    0.461054133909754D-17,
    0.767129962948749D-17,    0.358480919878175D-16,    0.236175601181858D-17,
   -0.280080420607567D-18,    0.431850086165216D-17,    0.962974220652819D-17,
    0.601087467603214D-16,    0.399304803335127D-17,   -0.167332162253539D-19,
    0.502358232508763D-18,    0.681501582296762D-18,    0.262057522614058D-17,
    0.208810776502113D-18,   -0.665152250979740D-19,    0.695044674842514D-18,
    0.237533832390346D-17,    0.107665374458103D-16,    0.868678887681503D-18,
   -0.521356552029631D-10,   -0.149773881687003D-08,    0.165280592089587D-12,
    0.118022288954300D-12,    0.411421957007209D-08,    0.337518575007238D-04,
   -0.215654607553768D-06,   -0.675764061714160D-10,   -0.191216661878607D-08,
    0.242044287550022D-12,    0.556465729569275D-14,    0.525092498447428D-08,
    0.353885023182882D-04,   -0.275857673197220D-18,   -0.885600794213330D-17,
    0.691432799390334D-19,    0.119204964792791D-17,   -0.399324283046520D-19,
   -0.295817238213806D-19,    0.826828043525344D-19,    0.188517667638108D-06,
    0.987733282866357D-05,    0.108317653369212D-06,    0.139443849222132D-07,
    0.730832230720003D-06,    0.800807313832332D-08,   -0.435631505462795D-07,
   -0.228372181003820D-05,   -0.250326466322068D-07,   -0.298811524356747D-08,
   -0.156640282383121D-06,   -0.171673468936619D-08,    0.605900561872352D-10,
    0.317514210454592D-08,    0.347937091577622D-10,   -0.783231060755582D-09,
   -0.411402590970050D-07,   -0.449664751369133D-09,    0.211876722090943D-18,
    0.746714079539737D-17,    0.132428497951986D-17,   -0.172596161039378D-17,
   -0.190836514871018D-20,    0.379798221558846D-18,    0.130734204691747D-16,
    0.247835453578483D-17,   -0.304155190003817D-17,    0.335693995472450D-19,
    0.164478399580457D-19,    0.515496221830532D-18,    0.132713889355088D-18,
   -0.111160636562729D-18,    0.513244458715349D-21,    0.814773596372604D-19,
    0.227900656873291D-17,    0.595896175834414D-18,   -0.544945376917591D-18,
    0.262919970181267D-19,    0.318730998252424D-08,    0.167050022836872D-06,
   -0.298971670121299D-08,    0.411451770258522D-08,   -0.109776233797971D-10,
   -0.215654618679275D-06,    0.257233345074217D-04,    0.406799897640655D-08,
    0.213206819843583D-06,   -0.381586938589451D-08,    0.525133447118648D-08,
   -0.142809162172268D-10,   -0.275239734163138D-06,    0.251417062973702D-04,
 ---
