     3000.2 FCI    1    1
    59    0    0    0    0    0    0    0
     3    0    0    0    0    0    0    0
     1    0    0    0    0    0    0    0
     2    0    0    0    0    0    0    0
    0.500000000000000D+01,
    0.000000000000000D+00,    0.000000000000000D+00,    0.000000000000000D+00,
 DENSITY      CHARGE           1    0    1    5    1
    0.200246873906402D+01,    0.188655753397892D-02,    0.203261912628990D+01,
    0.231074696001251D-02,    0.307183420305667D-02,    0.749850244409834D-02,
    0.469499226361497D-02,   -0.103030319934456D+00,   -0.679759384794905D-02,
    0.260888480457593D-01,   -0.473608649179456D-02,    0.311747952082403D-02,
   -0.334629748875675D-03,    0.586001715721049D-03,    0.376677578984537D-02,
   -0.389770000236481D-02,    0.911692025296796D-03,   -0.877113525742568D-04,
   -0.108542450389052D-03,    0.125563726387672D-02,    0.100565719573846D-02,
   -0.217284177061818D-02,    0.663369321777178D-02,   -0.240876867211531D-04,
    0.442656302358377D-03,   -0.152958236741932D-04,   -0.996893956842753D-05,
    0.105619478929469D-03,    0.506486061456237D-16,    0.316172117010348D-15,
   -0.133856299529042D-16,   -0.645668340489217D-16,    0.636519867586213D-17,
    0.328972223225343D-16,   -0.319879191833128D-16,    0.734131211710806D-01,
    0.304713269544359D-16,   -0.197779108912402D-15,    0.232668776521379D-16,
    0.642717647582995D-16,   -0.820257497536849D-17,   -0.974214895135667D-17,
    0.152406877873843D-15,   -0.281089224735551D-02,    0.113233802554477D+00,
   -0.670363563980505D-16,   -0.100088018572263D-15,    0.218841239028386D-16,
    0.235390207576347D-15,   -0.655527655297251D-17,    0.110668594356838D-16,
   -0.218826783170893D-15,   -0.134995248288140D-01,    0.192190078678060D+00,
    0.996223222873748D+00,   -0.707555837533110D-16,   -0.154042568607901D-15,
   -0.217208721282138D-17,    0.102061236241565D-16,   -0.180565887143841D-18,
    0.174175569897730D-17,   -0.322469885301063D-17,    0.215953056097278D-02,
    0.505608118863183D-04,    0.242823524843461D-03,    0.155181098783318D-02,
   -0.602299588655524D-16,    0.474327309747488D-16,    0.773559436097044D-17,
   -0.979994671370336D-17,    0.113768720104647D-18,   -0.502002613732895D-18,
    0.115904110200455D-16,    0.505613548680157D-04,    0.144325380066275D-02,
   -0.345702993612754D-02,   -0.197497971288962D-04,    0.183159772822000D-02,
    0.234210719863677D-16,    0.468551333045211D-17,    0.486106864182254D-17,
   -0.189267319935944D-16,    0.181131980976780D-17,    0.897830203527526D-18,
   -0.435938764152596D-17,    0.242823414216323D-03,   -0.345702997725364D-02,
   -0.144395687319200D-01,   -0.948499112675200D-04,    0.135035952383492D-02,
    0.803562865353474D-02,   -0.175358839748839D-16,   -0.122812126995485D-15,
    0.144919520637738D-17,    0.108089460002544D-16,   -0.120223507756809D-17,
   -0.868290796052281D-17,    0.743577482499032D-17,   -0.202536321992738D-01,
    0.626868689702761D-04,    0.301050458846880D-03,   -0.213231866155452D-03,
   -0.264686385385920D-04,   -0.127118608430103D-03,    0.578158388341078D-02,
    0.227249824618687D-17,    0.510464301945647D-16,   -0.182245707713808D-17,
   -0.210513255336381D-16,    0.208947690914108D-17,    0.329313381815273D-17,
   -0.513394299485976D-16,    0.626836674237526D-04,   -0.211416669846258D-01,
   -0.428600091392219D-02,   -0.264690166945867D-04,    0.161740441090452D-03,
    0.180976205186901D-02,   -0.328891024521745D-04,    0.624750941696154D-02,
    0.568299538431183D-18,    0.172736457541516D-17,    0.149582917965027D-17,
   -0.242558669249196D-17,    0.317526215446130D-19,   -0.660690919922277D-18,
    0.140010729003459D-16,    0.301051125024510D-03,   -0.428600086085935D-02,
   -0.408330760279622D-01,   -0.127118528282952D-03,    0.180976203821534D-02,
    0.847642953612285D-02,   -0.157952428153093D-03,    0.224873763936331D-02,
    0.165790081185342D-01,   -0.122402854814011D-16,   -0.549410131221617D-16,
    0.774921078414042D-18,    0.676773971673299D-18,    0.120761260848954D-18,
   -0.535581798978183D-18,    0.418850468540273D-18,   -0.171747534625186D-02,
   -0.259838225739683D-05,   -0.124785177577031D-04,    0.573552016557932D-04,
   -0.752446274219628D-06,   -0.361355197005843D-05,    0.511493724818473D-03,
   -0.635744671409575D-06,   -0.305343674925171D-05,    0.290333473966077D-03,
   -0.705664923075990D-17,    0.182851234282366D-16,    0.975101326437781D-18,
   -0.380163706717198D-17,    0.551584761254713D-18,    0.414824999363535D-18,
   -0.378628529701914D-17,   -0.259821800912809D-05,   -0.168066636446268D-02,
    0.177654446297073D-03,   -0.752394987748383D-06,    0.680144157510773D-04,
    0.514455049478787D-04,   -0.635834215296230D-06,    0.520500675878583D-03,
    0.434710448333467D-04,   -0.141235577577161D-06,    0.292334296639859D-03,
   -0.452804494655721D-18,   -0.404941635258129D-17,    0.532945968520414D-18,
   -0.141831020867257D-17,    0.145338323184088D-17,    0.365004897582825D-18,
    0.639965561343546D-18,   -0.124785515844141D-04,    0.177654438795641D-03,
   -0.864458834345852D-03,   -0.361356325942623D-05,    0.514455125308261D-04,
    0.304373341112644D-03,   -0.305341813351839D-05,    0.434710465437520D-04,
    0.720222089506074D-03,   -0.678294642019531D-06,    0.965674734248244D-05,
    0.336700819820949D-03,    0.131844663486010D-16,    0.182304972012014D-16,
   -0.330886806391302D-18,   -0.390514874876060D-18,   -0.802661831550667D-19,
   -0.480886379106127D-19,    0.133656478539570D-18,   -0.148452126663367D-03,
   -0.720522770897893D-08,   -0.347532442761913D-07,    0.737856030832040D-04,
   -0.626254750751384D-07,   -0.300780187028579D-06,    0.476487038290716D-04,
   -0.813748916702148D-07,   -0.390765438317420D-06,    0.136322037872642D-03,
   -0.126233253184161D-07,   -0.606166814988761D-07,    0.178764435000589D-03,
    0.109981888372285D-16,    0.988903230845755D-17,   -0.263344739708748D-18,
    0.257111876489351D-18,   -0.306505319821337D-18,   -0.139771276631440D-18,
    0.146553287510401D-18,   -0.726484963517680D-08,   -0.148349631031200D-03,
    0.494686167619687D-06,   -0.626321483640457D-07,    0.746728380739689D-04,
    0.428213849034891D-05,   -0.813574705412133D-07,    0.488013829377105D-04,
    0.556327663373799D-05,   -0.126202253787851D-07,    0.136500845044710D-03,
    0.862992394500906D-06,   -0.297189917241713D-08,    0.178806536596656D-03,
   -0.411308362481422D-17,    0.150108122559779D-17,   -0.721148834274204D-18,
   -0.352868063682563D-18,   -0.907470709927622D-18,   -0.490032239601439D-18,
    0.456972635147022D-20,   -0.347403830025189D-07,    0.494680918286721D-06,
   -0.146076879990940D-03,   -0.300779128488914D-06,    0.428214311994535D-05,
    0.943465126997926D-04,   -0.390769174202041D-06,    0.556327786543929D-05,
    0.743610529403011D-04,   -0.606173982656024D-07,    0.862993342865019D-06,
    0.140465740460189D-03,   -0.142727728212885D-07,    0.203198658072602D-06,
    0.179740103326286D-03,    0.576361671068587D-16,   -0.632534899764010D-16,
   -0.635543196345605D-17,    0.237712185334736D-16,   -0.853718958973490D-19,
   -0.303857333326424D-18,    0.107463158843635D-17,   -0.429868815109511D-04,
   -0.427484746244376D-04,   -0.205301849760100D-03,   -0.305930727796689D-04,
   -0.147064481836905D-06,   -0.705522551573495D-06,   -0.679443083976348D-05,
    0.862638996798156D-07,    0.414141632743545D-06,   -0.265658889586048D-05,
   -0.238861182794462D-07,   -0.114702505577644D-06,    0.126539905756771D-05,
   -0.233208973963729D-08,   -0.111957625422207D-07,    0.259944693487500D-05,
   -0.335534664278812D-16,    0.622752667450931D-16,    0.331423286546036D-17,
   -0.483993468939156D-17,   -0.959659118520783D-19,    0.636146477100992D-19,
   -0.348923788687517D-18,   -0.427480887401039D-04,    0.562609333127763D-03,
    0.292284261228575D-02,   -0.146758802760374D-06,   -0.285118397688137D-04,
    0.100448411051154D-04,    0.862050478895973D-07,   -0.801607694299842D-05,
   -0.589614053510418D-05,   -0.238811674913164D-07,   -0.231823977188431D-05,
    0.163300437018667D-05,   -0.233038001321490D-08,    0.129842464271199D-05,
    0.159394411108662D-06,   -0.678999388668497D-06,    0.122185343761033D-04,
    0.993883390832052D-17,   -0.109022403228285D-16,    0.542495198520108D-18,
    0.293088140840414D-17,   -0.313110765673027D-19,    0.149508129744412D-18,
   -0.272444439991000D-17,   -0.205301929491873D-03,    0.292284259819957D-02,
    0.139911854370121D-01,   -0.705586282872785D-06,    0.100448377603303D-04,
    0.176377204470183D-04,    0.414153682673750D-06,   -0.589613688683877D-05,
   -0.351050305780351D-04,   -0.114703524154734D-06,    0.163300412989031D-05,
    0.518436092889717D-05,   -0.111961046307668D-07,    0.159394195822301D-06,
    0.203073863545674D-05,   -0.326094645431288D-05,    0.464254530109689D-04,
    0.225513539520022D-03,    0.115306061366706D-02,   -0.241088763509916D-02,
    0.238125864664288D-04,   -0.255592064074735D-02,    0.701821158997755D-04,
    0.482343725773130D-04,   -0.281977830788007D-03,   -0.193298332826546D-17,
   -0.265328574633301D-16,   -0.103926238848996D-15,   -0.704384484293655D-17,
    0.199399475960180D-17,    0.614576914781014D-17,    0.652681226246011D-17,
   -0.228205364270410D-17,    0.250193655881238D-17,    0.503586247009396D-18,
    0.367197979964380D-18,    0.105409331333375D-17,   -0.413828079670224D-18,
   -0.991132579532864D-19,    0.756110336300631D-19,   -0.743629727262827D-17,
    0.773651909487715D-18,   -0.118761145681598D-17,    0.143158367530769D-02,
   -0.621752343907091D-05,    0.129999685166355D-04,   -0.128402032986883D-06,
    0.137820140963947D-04,   -0.378435420528076D-06,   -0.260088981244387D-06,
    0.152047848233413D-05,   -0.101181883970715D-16,   -0.642183019576283D-17,
   -0.288450129443434D-15,   -0.303166543645908D-18,    0.387608280410565D-17,
    0.246750692680410D-17,    0.595077025283475D-18,   -0.989211225636364D-17,
    0.774579182457005D-17,    0.319292485968816D-18,   -0.819644776932421D-18,
    0.211160020182897D-18,    0.602416659375917D-19,   -0.177822633285755D-19,
   -0.202448406569599D-19,   -0.548490926694828D-17,    0.436228939419343D-17,
   -0.465142078986858D-17,    0.341500718374574D-05,    0.164938212882898D-03,
   -0.298601311761645D-04,    0.624333384024577D-04,   -0.616660542757440D-06,
    0.661891728180332D-04,   -0.181746493761060D-05,   -0.124909715312515D-05,
    0.730221385166147D-05,   -0.984633283310918D-16,    0.235389771897278D-15,
    0.277467842217869D-15,   -0.299173510098542D-17,    0.112583359426974D-16,
    0.192734873806976D-17,    0.146849556801871D-16,   -0.339535506087465D-16,
   -0.330119662368781D-17,    0.157107348477830D-17,   -0.241409476987658D-17,
    0.962356539269823D-18,   -0.360398262305246D-19,    0.960667404930619D-19,
    0.830866911836126D-19,   -0.229402483689064D-16,    0.222499058541434D-16,
    0.221483925728896D-17,   -0.820036877768071D-05,    0.202212589353541D-03,
    0.109397459960683D-02,   -0.440404677951431D-04,    0.920824325187679D-04,
   -0.909507668224412D-06,    0.976218825290024D-04,   -0.268056452052669D-05,
   -0.184228341339323D-05,    0.107699767730702D-04,   -0.509560201208627D-17,
    0.139394381922188D-15,    0.153722703950423D-15,   -0.312719824173630D-17,
    0.711785501393484D-17,   -0.258487990431411D-17,    0.184457070229020D-17,
   -0.339739765291482D-16,    0.536214434299665D-18,   -0.117175401048383D-19,
   -0.207333750628452D-17,    0.810829460253365D-18,    0.881287571081375D-20,
    0.219409618442240D-18,    0.951733392834206D-19,   -0.180109017545174D-17,
   -0.224171146145748D-19,    0.275525117525933D-17,    0.241894572416061D-04,
    0.705457741340100D-12,   -0.142035121579166D-04,    0.164938219475622D-03,
    0.425112811773472D-03,   -0.888851151361938D-03,    0.877927478877043D-05,
   -0.942322227481948D-03,    0.258748906340116D-04,    0.177831503484603D-04,
   -0.103960181507812D-03,   -0.309286234004481D-16,   -0.272858273605521D-16,
   -0.121223219010417D-15,    0.124863163827017D-16,   -0.695196538077804D-17,
    0.538137830048758D-17,    0.809225932686183D-17,    0.283525147207868D-16,
    0.336116694897932D-17,    0.170052985101100D-17,    0.544843082043485D-18,
   -0.118062693375016D-17,    0.581730020320651D-18,   -0.447914053904414D-18,
   -0.473447988304402D-20,    0.509292626786575D-17,   -0.523257372888813D-17,
   -0.159137288406225D-17,    0.116747036604608D-03,   -0.142035082611940D-04,
   -0.295746562699956D-05,   -0.202212570653004D-03,    0.113587172203218D-02,
    0.761831909491501D-03,   -0.309524587893028D-02,   -0.610567638800472D-03,
   -0.359509049555499D-02,    0.193539344813849D-03,    0.100350659185329D-03,
   -0.487896943269146D-03,    0.314972063254428D-16,    0.211432849168936D-16,
    0.247113298609824D-15,   -0.971007352658932D-17,    0.165863040261175D-17,
    0.100504215538982D-16,    0.299784305912073D-18,   -0.620082297317442D-18,
   -0.536726857445046D-17,   -0.194698904866227D-19,    0.980387305996537D-18,
    0.157763209837697D-17,   -0.511932704378295D-18,   -0.142988700474938D-18,
    0.134822166146837D-18,   -0.123600030552919D-16,    0.238228535991045D-17,
    0.416202834520190D-17,    0.211384918486901D-02,    0.526067224304856D-05,
   -0.126323946267067D-04,    0.372628574320420D-04,    0.179844453576524D-03,
    0.371831777144190D-02,   -0.410794340138118D-05,    0.166901581825078D-04,
    0.329229756231335D-05,    0.193854153627341D-04,   -0.104360116703006D-05,
   -0.541109948377974D-06,    0.263083355430103D-05,   -0.777556470741435D-16,
    0.250668460266059D-15,    0.393911306141432D-15,   -0.269115157367741D-17,
    0.109864096182633D-16,   -0.231304561840931D-17,    0.149242028252865D-16,
   -0.409085372937305D-16,   -0.524916225420912D-17,    0.126727655051947D-17,
   -0.277784862220957D-17,    0.742646620686524D-18,   -0.152694309666750D-18,
    0.720507432621804D-19,    0.263593193566514D-19,   -0.972091409106051D-17,
    0.101173870693635D-16,    0.526470140000649D-17,    0.526068349223323D-05,
    0.162631726632347D-03,    0.311500396621161D-03,    0.435684390257868D-10,
   -0.218799470341349D-04,    0.933752080990075D-05,    0.254953783781480D-03,
   -0.197287122004637D-04,    0.801557625687946D-04,    0.158115105773530D-04,
    0.930999399024185D-04,   -0.501197438864709D-05,   -0.259872189850229D-05,
    0.126347794989053D-04,   -0.107128986516365D-15,    0.740718757072450D-16,
   -0.266061498783574D-15,   -0.182643136814088D-17,    0.100193506430598D-16,
    0.110218629610043D-16,    0.113907541704415D-16,   -0.834445774775412D-17,
    0.675419800994152D-17,    0.170750515964400D-17,   -0.900051732214962D-18,
    0.725732962250955D-18,   -0.106524173693058D-18,    0.853392324582516D-19,
   -0.490254122517275D-19,   -0.408137983397322D-16,    0.374650607968069D-16,
   -0.792158282750525D-17,   -0.126323274416269D-04,    0.311500401091598D-03,
    0.159377509611431D-02,   -0.218799310457151D-04,   -0.455595123612422D-05,
   -0.224222711156508D-04,    0.552904595267422D-03,    0.279519370650152D-02,
   -0.290977190080554D-04,    0.118221087450359D-03,    0.233202699326961D-04,
    0.137312351827416D-03,   -0.739212071348548D-05,   -0.383283402088748D-05,
    0.186349343349631D-04,   -0.674324521265645D-16,   -0.143264781708858D-15,
    0.209432954915087D-15,   -0.122195204279554D-16,   -0.766787270884634D-17,
    0.598031916606678D-17,    0.180082431753565D-16,    0.393161998700472D-16,
   -0.607407428048695D-17,    0.796754399748024D-18,    0.317057181530100D-17,
   -0.521484832151245D-19,   -0.221860171206280D-18,    0.134607352136310D-19,
   -0.259966605401975D-19,   -0.262552609922060D-17,    0.598616327861059D-18,
    0.301557514640968D-17,    0.372628641121915D-04,   -0.540429227292285D-10,
   -0.218799489227999D-04,    0.162631720532535D-03,   -0.311500382348407D-03,
    0.661402849037638D-04,   -0.120110899041616D-10,   -0.388362810882612D-04,
    0.254953759170093D-03,    0.280873793706755D-03,   -0.114116182133125D-02,
   -0.225105364851782D-03,   -0.132544552646520D-02,    0.713544932109060D-04,
    0.369974923408822D-04,   -0.179878869693000D-03,    0.383194729853145D-17,
    0.218729050947228D-15,    0.249410753305133D-16,    0.245814152708840D-16,
   -0.204416936411264D-17,    0.104422925118207D-17,   -0.171948951655739D-17,
   -0.100970908089392D-16,    0.408767736096962D-17,    0.142186229953343D-17,
   -0.318656513282046D-17,   -0.101193397734253D-17,    0.766005203088089D-18,
   -0.482787734198648D-18,    0.577452157168107D-19,    0.883553118201317D-17,
   -0.840115612584609D-17,    0.971728177035474D-18,    0.179844422233302D-03,
   -0.218799305732872D-04,   -0.455577860734946D-05,   -0.311500387725242D-03,
    0.165831604492391D-02,    0.319221461110209D-03,   -0.388363009537122D-04,
   -0.808660025542249D-05,   -0.552904672144851D-03,    0.290975304153276D-02,
   -0.675183001324027D-03,    0.893320124985457D-03,    0.392107996131400D-04,
   -0.168158006065279D-03,    0.193145273293672D-04,   -0.462663329435887D-05,
   -0.119864069440667D-04,   -0.193288608401694D-17,   -0.109373186572793D-16,
   -0.514527386392939D-16,   -0.545766106425566D-18,    0.172739843602797D-18,
    0.528408503243997D-18,    0.987708346006872D-18,    0.101519716016058D-18,
    0.124840037255744D-17,   -0.207522139892916D-19,    0.109903545953694D-18,
   -0.556757440528764D-20,   -0.960930652285851D-19,    0.615926787876929D-19,
   -0.518022248580830D-19,   -0.444194232281913D-18,   -0.508907402217558D-19,
   -0.742566594881663D-18,    0.821331423288066D-04,    0.223105549689502D-06,
   -0.535738497152741D-06,    0.158031972690211D-05,    0.762718167842867D-05,
    0.101850168295031D-03,    0.272203653756858D-06,   -0.653637332885898D-06,
    0.192809025075145D-05,    0.930572542034084D-05,    0.346841493034885D-04,
    0.364071586675840D-05,   -0.481695297610402D-05,   -0.211432128874704D-06,
    0.906740127776017D-06,   -0.104147626966845D-06,    0.249476899329215D-07,
    0.646329963980869D-07,   -0.821344892394893D-17,   -0.290626252365306D-16,
   -0.146004268088419D-15,   -0.428165522493260D-18,    0.390750362095653D-18,
    0.564120438306525D-18,    0.267907312621494D-17,    0.702627224578910D-18,
    0.422712768635388D-17,    0.481179710917149D-19,    0.195451916048425D-18,
   -0.209473405112386D-19,   -0.132568967766913D-18,    0.172402507883510D-18,
   -0.589869106209371D-19,   -0.198594167743985D-18,   -0.222746830168391D-18,
   -0.212405473575862D-17,    0.223105655718002D-06,   -0.617922040715281D-06,
    0.132107300804712D-04,    0.815630568794443D-11,   -0.927927091086384D-06,
    0.272202229902825D-06,    0.888189900274052D-06,    0.161179736596211D-04,
    0.114469821371133D-10,   -0.113213120599376D-05,    0.610529599045932D-07,
    0.120392252387893D-04,    0.174848161769504D-04,   -0.231337847173181D-04,
   -0.101541896178602D-05,    0.435468876970992D-05,   -0.500176945582137D-06,
    0.119813186676861D-06,    0.310404911469836D-06,    0.662096666906329D-17,
   -0.897519053595282D-16,   -0.462440016757431D-15,    0.767154449534769D-19,
    0.291801925009846D-18,   -0.550374401547359D-18,   -0.663158230837352D-18,
    0.619336665518316D-18,    0.781863925017736D-17,   -0.208106086878549D-19,
   -0.345270898539672D-19,   -0.532612430738320D-19,   -0.386667355752921D-20,
    0.504497371615928D-19,   -0.110812309785021D-19,   -0.109219274593387D-17,
   -0.311798822485101D-18,   -0.697720189668574D-17,   -0.535735282056938D-06,
    0.132107300727686D-04,    0.600768596993190D-04,   -0.927929080409074D-06,
   -0.193217914494937D-06,   -0.653640028486421D-06,    0.161179731605523D-04,
    0.749398795468679D-04,   -0.113213760873137D-05,   -0.235731748181436D-06,
   -0.146605378714712D-06,    0.361512850065539D-05,    0.286484084429128D-04,
    0.257882148138150D-04,   -0.341198332744476D-04,   -0.149763326289463D-05,
    0.642269546313365D-05,   -0.737706944241385D-06,    0.176711508964043D-06,
    0.457813700215181D-06,    0.631427166047819D-17,    0.153666362678564D-16,
    0.125979723239495D-15,    0.154772430033656D-18,   -0.102843490445708D-17,
   -0.127255485019238D-17,   -0.214678713875663D-17,    0.126161036755866D-17,
   -0.600812027680537D-17,   -0.651298870470373D-18,    0.411932747893627D-18,
   -0.247575413077046D-18,   -0.398838271170764D-18,    0.203595925159955D-18,
   -0.911999890855898D-19,   -0.587989532780303D-19,    0.429175124179196D-18,
    0.170789176983935D-17,    0.158032012797546D-05,   -0.774440585987365D-11,
   -0.927927536876741D-06,   -0.617924738451753D-06,   -0.132107291339922D-04,
    0.192809038792333D-05,   -0.106841389898670D-10,   -0.113213128661644D-05,
    0.888184303395098D-06,   -0.161179751259127D-04,    0.432455274019804D-06,
   -0.784762893926722D-13,   -0.253928382704984D-06,    0.120392251857598D-04,
   -0.248927887405428D-03,    0.329351140898459D-03,    0.144563199652312D-04,
   -0.619968471641174D-04,    0.712092076540783D-05,   -0.170575676104088D-05,
   -0.441917364832178D-05,   -0.426071151376351D-17,    0.384993812119951D-16,
    0.182209815631384D-15,    0.700155160484487D-18,   -0.479606716687611D-18,
   -0.549473417318167D-18,    0.481656619691429D-18,    0.292156820497694D-18,
   -0.456991198760428D-17,    0.243739935759756D-18,   -0.133510664815125D-18,
    0.298333319694286D-19,    0.188133773335719D-18,   -0.173785214999880D-18,
    0.673741646255352D-19,    0.213840878815557D-18,    0.334513447158701D-18,
    0.265914137646677D-17,    0.762717980364558D-05,   -0.927928655106397D-06,
   -0.193209465622081D-06,   -0.132107292005058D-04,    0.628140332149205D-04,
    0.930572540103898D-05,   -0.113213735963199D-05,   -0.235738353638150D-06,
   -0.161179746605057D-04,    0.782794342449265D-04,    0.208719192218824D-05,
   -0.253928385233317D-06,   -0.528732738828572D-07,   -0.361512837752209D-05,
    0.293974410364431D-04,    0.818564517425843D-04,    0.259671984252833D-02,
   -0.213879212869496D-04,   -0.614933524942872D-03,    0.221006375910195D-04,
    0.108636009087698D-04,   -0.590523579886814D-04,    0.132327789757876D-15,
    0.201870635953898D-15,    0.369848729274817D-16,    0.602087072612723D-17,
    0.129413289033847D-16,    0.111064616858849D-17,   -0.346920837354882D-16,
   -0.498255375195985D-16,    0.131452484002824D-16,   -0.259881604496039D-17,
   -0.354098578745175D-17,    0.117526250330265D-17,    0.153088274617774D-19,
    0.413721831590244D-19,    0.493368004023370D-19,   -0.189101350917825D-17,
    0.265927859569524D-18,    0.139089385950786D-17,    0.240329490379292D-03,
    0.651158297492862D-06,   -0.156238866925924D-05,    0.461220647422926D-05,
    0.222447704808853D-04,    0.449627537978427D-03,    0.120320094714969D-05,
   -0.288727150147440D-05,    0.852239073953645D-05,    0.411077449528841D-04,
    0.172782174295728D-04,    0.442463730483451D-07,   -0.106220197180433D-06,
    0.313404061917049D-06,    0.151228679924167D-05,    0.764682087023913D-04,
   -0.441385575425308D-06,   -0.140020109295927D-04,    0.115327703777539D-06,
    0.331583901188252D-05,   -0.119170852076510D-06,   -0.585786070749538D-07,
    0.318421564369648D-06,    0.585507922263923D-15,   -0.183959966289589D-14,
    0.123039641515358D-15,    0.402096278579921D-16,   -0.110432295149781D-15,
    0.209476210866517D-16,   -0.154009118504218D-15,    0.479000280068735D-15,
   -0.936253719928164D-16,   -0.117896736483308D-16,    0.355669104979213D-16,
   -0.674551323769369D-17,   -0.151519396442793D-18,   -0.299487138732301D-18,
    0.349311050916951D-18,   -0.204385066363926D-17,    0.282791311730272D-17,
   -0.431675746991901D-17,    0.651122596617272D-06,   -0.109841922332688D-05,
    0.385470271663703D-04,   -0.483010651864633D-10,   -0.270746015929498D-05,
    0.120314104430722D-05,    0.349727865991557D-05,    0.712291733656230D-04,
   -0.697137930597884D-10,   -0.500300539880658D-05,    0.442448947146358D-07,
    0.868976039000280D-06,    0.261973164602471D-05,    0.247634784733067D-13,
   -0.184007966019066D-06,    0.196422932136680D-06,    0.363676852992098D-05,
   -0.211978775742372D-05,   -0.672457338559136D-04,    0.553869955564636D-06,
    0.159245687712732D-04,   -0.572327063003993D-06,   -0.281328200287001D-06,
    0.152924368863021D-05,    0.929062685938242D-15,   -0.161702827547329D-14,
    0.595598239973925D-15,    0.589405519031042D-16,   -0.102641349426512D-15,
    0.222830140111919D-16,   -0.250657732047542D-15,    0.446301962538862D-15,
   -0.103551041626462D-15,   -0.185405357604196D-16,    0.332336576360508D-16,
   -0.716396878370594D-17,    0.138438578751728D-18,   -0.293787036231416D-18,
    0.755392125085763D-19,   -0.682506518601771D-17,    0.817719608789225D-17,
    0.228704355663243D-17,   -0.156257456373330D-05,    0.385470158092491D-04,
    0.176000264980985D-03,   -0.270763747093379D-05,   -0.563252799228542D-06,
   -0.288757845393052D-05,    0.712291534999472D-04,    0.330749313674844D-03,
   -0.500329650147779D-05,   -0.104092763778971D-05,   -0.106227173300469D-06,
    0.261973109461811D-05,    0.129049509952918D-04,   -0.184013956837372D-06,
   -0.383000958853376D-07,   -0.471368243241330D-06,    0.116283368407449D-04,
    0.570614694800594D-04,   -0.312645831302927D-05,   -0.991801817185931D-04,
    0.816898735194067D-06,    0.234870212491141D-04,   -0.844120710166843D-06,
   -0.414928774093066D-06,    0.225546962888863D-05,    0.680970838403202D-15,
    0.590335194275479D-15,   -0.444212162980583D-15,    0.417582726212940D-16,
    0.412880774896987D-16,   -0.234326044638487D-17,   -0.180495628157270D-15,
   -0.173314551982105D-15,    0.507258336776117D-16,   -0.133787043973098D-16,
   -0.128970362678082D-16,    0.268231456566343D-17,    0.108085173102069D-18,
    0.193687773516885D-18,   -0.162030781668595D-18,   -0.106652963780561D-17,
   -0.158124421688728D-17,   -0.410027889975046D-17,    0.461221706489792D-05,
    0.416575217023623D-10,   -0.270754332716497D-05,   -0.109846737282375D-05,
   -0.385466340316074D-04,    0.852240757747673D-05,    0.563571393223791D-10,
   -0.500313642664934D-05,    0.349720982266647D-05,   -0.712285482974021D-04,
    0.313404493599430D-06,   -0.208138368964027D-12,   -0.184009656411130D-06,
    0.868975040802849D-06,   -0.261972339523949D-05,    0.139131867937119D-05,
   -0.198412990493509D-11,   -0.816787686460637D-06,    0.363675813944362D-05,
    0.301790010508965D-04,    0.957364284838795D-03,   -0.788533745647432D-05,
   -0.226714951045040D-03,    0.814810773287976D-05,    0.400521420368325D-05,
   -0.217715413163400D-04,   -0.472823299190691D-15,   -0.972686879906038D-15,
   -0.700711698729179D-15,   -0.260208067305440D-16,   -0.523848556705402D-16,
    0.537668332209916D-17,    0.129842299340575D-15,    0.218376626613893D-15,
   -0.372575016622800D-16,    0.979697597858387D-17,    0.155675093459835D-16,
   -0.417261771817454D-17,    0.540448281364203D-20,   -0.293523181019632D-18,
   -0.143143230098778D-18,    0.195513409838632D-17,   -0.246880364023292D-17,
   -0.133786692445519D-16,    0.222447166531803D-04,   -0.270755037776005D-05,
   -0.563754695133474D-06,   -0.385466254585344D-04,    0.183983173971757D-03,
    0.411076577870986D-04,   -0.500315888886700D-05,   -0.104175540870998D-05,
   -0.712285330101998D-04,    0.345501541687092D-03,    0.151228460653837D-05,
   -0.184012105798311D-06,   -0.383188745372082D-07,   -0.261972296578012D-05,
    0.134476646902157D-04,    0.671077681855402D-05,   -0.816764828946067D-06,
   -0.169997467837581D-06,   -0.116282288987978D-04,    0.594697495345397D-04,
   -0.117862490775491D-18,   -0.119784188239248D-17,   -0.367563708531685D-18,
   -0.187766567576642D-18,    0.756533633831900D-19,    0.392740175362475D-18,
   -0.422561269820792D-18,    0.826143510347865D-03,    0.127202545197289D-05,
   -0.244331139802707D-04,    0.675305429233434D-04,    0.103942799478988D-06,
   -0.199734795412712D-05,   -0.224786692672298D-03,   -0.346067854046595D-06,
    0.664826488770992D-05,   -0.173135962695406D-04,   -0.266553717155299D-07,
    0.512072583800885D-06,    0.379750872950064D-07,    0.573632127211159D-10,
   -0.112324436279593D-08,   -0.194256642315755D-06,   -0.276240325203768D-09,
    0.590656773956295D-08,   -0.621066961103801D-18,    0.112260733842764D-17,
    0.394498507730193D-17,   -0.816164015747816D-18,    0.151719960418595D-17,
   -0.384118706881674D-18,    0.102670958850647D-17,    0.797191879239121D-17,
   -0.682553783182662D-17,    0.241255479419228D-17,   -0.725249120216263D-19,
   -0.609881020681065D-19,    0.376472595906975D-18,   -0.155036070559705D-19,
    0.100299276018472D-18,    0.146085907315106D-17,    0.666255178721521D-17,
    0.117606455117498D-16,    0.969084859272737D-17,   -0.529874745343443D-17,
    0.110153547246376D-03,    0.517803226654282D-19,   -0.383685664863160D-18,
    0.615256418661917D-18,   -0.928092517870173D-18,   -0.595075969399911D-19,
   -0.107977211381936D-18,    0.188515254416732D-17,    0.127237393575338D-05,
    0.808120668832557D-03,    0.347849985144472D-03,    0.103982281958107D-06,
    0.660577345176761D-04,    0.284359120604266D-04,   -0.346151234467982D-06,
   -0.219883475801804D-03,   -0.946501703281291D-04,   -0.266581650917064D-07,
   -0.169359606271335D-04,   -0.729028095621950D-05,    0.593119797435844D-10,
    0.371476493803315D-07,    0.159945186580531D-07,   -0.256737871865178D-09,
   -0.190489044751341D-06,   -0.840600007344331D-07,    0.824143126928137D-19,
    0.376076273803898D-18,    0.779824332894429D-18,    0.107557296330307D-17,
    0.117126427976862D-18,    0.578788191805997D-19,    0.174894176269219D-17,
   -0.886793459675777D-18,   -0.327291452453351D-17,    0.238997060985536D-17,
   -0.972827851352518D-20,   -0.117583105747565D-18,   -0.268566768632140D-18,
   -0.418099580716479D-19,    0.906664676830974D-19,    0.204862488705960D-17,
   -0.197606131247645D-16,   -0.177929837571117D-16,    0.730561947737495D-17,
   -0.876818474226085D-17,   -0.218460733169515D-06,    0.113248384282785D-03,
    0.422991128574361D-19,    0.107116266971025D-17,   -0.336682220619115D-18,
    0.876773561911370D-18,    0.425346856705237D-19,    0.795722151036415D-19,
   -0.129865903452136D-17,    0.149633697667355D-04,   -0.213031896633141D-03,
    0.100074697645380D-02,    0.122307733942953D-05,   -0.174128638483964D-04,
    0.818066528030884D-04,   -0.407132542007609D-05,    0.579629809064809D-04,
   -0.272300601222504D-03,   -0.313581149310064D-06,    0.446440395790396D-05,
   -0.209734208335734D-04,    0.687161516248627D-09,   -0.979047762318166D-08,
    0.460102525303214D-07,   -0.346220930418897D-08,    0.492154060623929D-07,
   -0.239512833934531D-06,   -0.272161113273196D-18,   -0.526441291469410D-18,
   -0.307056921376980D-18,   -0.294629680109544D-18,   -0.361970343913747D-19,
    0.123850882947729D-18,   -0.156623307129273D-17,    0.643534169993988D-18,
    0.154981466642013D-17,   -0.998057722633188D-18,   -0.575211036005863D-19,
   -0.145034155043537D-18,   -0.392262253370424D-18,    0.217863950677004D-18,
    0.148667552957765D-18,   -0.116516571782751D-17,    0.111293969470412D-16,
    0.106624212043606D-16,   -0.445292199881230D-17,    0.415097310586861D-17,
   -0.428323137834056D-06,    0.609795241313064D-05,    0.123396385404580D-03,
    0.248980959261685D-19,   -0.941306292125714D-18,   -0.144362939797115D-18,
    0.347290185911435D-18,    0.409471209524646D-21,   -0.189385212003229D-19,
    0.372570915559566D-19,   -0.348937855332158D-04,    0.492621200761812D-05,
   -0.554557055200370D-10,   -0.285228408959129D-05,    0.402679807801848D-06,
    0.127133397753245D-11,    0.949430588697099D-05,   -0.134038175766895D-05,
    0.560785247287314D-11,    0.731273400389621D-06,   -0.103238905591628D-06,
    0.177748098657331D-13,   -0.160408990758534D-08,    0.226764945958154D-09,
   -0.563809159910762D-13,    0.820531273681409D-08,   -0.116001616142894D-08,
   -0.667209202055885D-11,   -0.252318994223345D-19,    0.895924974209654D-17,
    0.414283955525672D-16,   -0.128740583837981D-17,    0.291947286094484D-17,
   -0.414037401005544D-19,    0.154799588458526D-16,    0.691808304723743D-16,
   -0.235949880275911D-17,    0.483740765938754D-17,   -0.273391371602615D-21,
    0.465333820796673D-18,    0.223319100639157D-17,   -0.708503508404769D-19,
    0.156377486453188D-18,   -0.695309449875818D-19,    0.781113408292030D-18,
    0.667624467220985D-17,   -0.358906377690718D-18,    0.733316872988265D-18,
    0.998846810058151D-06,   -0.141014333460266D-06,    0.506741555028523D-12,
    0.181385798481870D-04,   -0.140714262686732D-18,    0.344858883694048D-17,
    0.530663460839413D-18,   -0.141549402216410D-17,    0.920703744280344D-20,
    0.139670842083466D-18,   -0.216273804254584D-18,    0.275013928930751D-03,
   -0.193170864654680D-04,   -0.402180134759223D-05,    0.224801619304435D-04,
   -0.157902691572838D-05,   -0.328795899620186D-06,   -0.748289742984296D-04,
    0.525602984137901D-05,    0.109437160482278D-05,   -0.576350254028181D-05,
    0.404831671203686D-06,    0.842935903484462D-07,    0.126414199351163D-07,
   -0.888234295416769D-09,   -0.184930785805708D-09,   -0.646660165037028D-07,
    0.454950595812805D-08,    0.999464065670919D-09,   -0.157848343782235D-18,
    0.938252131292542D-18,    0.526202736622687D-17,   -0.803144853181804D-19,
    0.940823901640400D-18,   -0.166903800767304D-18,   -0.636474545713521D-18,
    0.839664518281956D-17,   -0.778048071041813D-19,    0.168532005778990D-17,
   -0.193307204001469D-19,    0.564128388538940D-20,    0.325621283533480D-18,
    0.302000908809097D-20,    0.568634042289094D-19,    0.482531215178130D-18,
    0.373908139875211D-17,    0.545742686819910D-17,    0.206031226310417D-17,
   -0.160335425881511D-17,    0.118084523768963D-04,   -0.829432444180800D-06,
    0.282024644735919D-06,   -0.152446963077788D-04,    0.766151205574106D-04,
    0.799109470544242D-19,    0.300737192764405D-18,   -0.105804304404630D-18,
    0.117522994352372D-18,    0.812589766134037D-20,    0.383675707289760D-20,
   -0.920891009907814D-19,   -0.492623078701011D-05,   -0.348937264030885D-04,
    0.252669721180374D-09,   -0.402678907454072D-06,   -0.285228558677717D-05,
   -0.706874495061270D-11,    0.134038572740281D-05,    0.949429748558129D-05,
   -0.251170955769383D-10,    0.103239959091251D-06,    0.731273515184879D-06,
   -0.536253251091032D-12,   -0.226201052945285D-09,   -0.160381381399836D-08,
   -0.855893610881839D-13,    0.115667865099104D-08,    0.821091193089868D-08,
    0.316251653419961D-10,   -0.118292479643591D-19,   -0.267266448287231D-17,
   -0.150308593931559D-16,   -0.259961594737192D-18,   -0.104785327979718D-17,
    0.348542324789216D-22,   -0.457156151034124D-17,   -0.255429250797198D-16,
   -0.274704857364880D-18,   -0.189870685961138D-17,   -0.754851621313264D-21,
   -0.164032796255687D-18,   -0.744494522138399D-18,    0.331207231138248D-19,
   -0.479120578857117D-19,   -0.119772789349585D-18,    0.160463284262954D-18,
   -0.191669117605528D-17,   -0.800058208610967D-19,    0.314118107463262D-18,
    0.141014895087402D-06,    0.998845462002467D-06,   -0.262391696341127D-11,
   -0.585567075876979D-13,   -0.107079469685385D-05,    0.181385799497804D-04,
    0.302766754323305D-18,    0.154760054548246D-17,   -0.481240618160168D-18,
    0.539816163815041D-18,    0.418850955840581D-19,    0.353654061768344D-19,
   -0.708021432037277D-18,   -0.193172169313696D-04,   -0.275013309446435D-03,
   -0.284876427255064D-04,   -0.157902319102620D-05,   -0.224801792046625D-04,
   -0.232896419305429D-05,    0.525604229197268D-05,    0.748289126403748D-04,
    0.775176425803901D-05,    0.404831669024987D-06,    0.576350123401482D-05,
    0.597076150114424D-06,   -0.888342960823632D-09,   -0.126416226837266D-07,
   -0.131031528535117D-08,    0.453345963014851D-08,    0.647435276526306D-07,
    0.707403404319165D-08,    0.243546266479964D-18,    0.747190034986817D-18,
    0.476303563583597D-17,   -0.257111910541361D-18,   -0.198403444998363D-18,
    0.485199343089893D-18,    0.895391665659358D-18,    0.912151448141724D-17,
    0.121525152899683D-17,   -0.104446701047330D-17,    0.209478372447691D-19,
    0.627924491512977D-19,    0.300509057586780D-18,    0.262208670553466D-19,
   -0.393988152979586D-19,   -0.734821839428388D-18,    0.728569836090072D-17,
    0.706021281209196D-17,   -0.290966173546537D-17,    0.322359838817613D-17,
   -0.829431025532589D-06,   -0.118084602999841D-04,    0.199766021527233D-05,
   -0.107079513878042D-05,    0.608680950066867D-12,    0.152446968033451D-04,
    0.766151226342766D-04,   -0.426714442404590D-19,   -0.151723477460744D-18,
    0.991529180664521D-19,   -0.784137874366570D-19,    0.746475489734654D-20,
    0.213401313427850D-18,   -0.238931837147885D-18,    0.440854718450409D-03,
    0.679550817224856D-06,   -0.130361911172343D-04,    0.606029946185757D-04,
    0.933422164232091D-07,   -0.179242093439202D-05,   -0.101746963712195D-03,
   -0.156779446459740D-06,    0.300899373638760D-05,   -0.348502340558266D-05,
   -0.537733913752614D-08,    0.103055473875197D-06,    0.197505354235723D-06,
    0.305370958134024D-09,   -0.584206157168316D-08,   -0.252339355358683D-05,
   -0.386275845774924D-08,    0.747654906148501D-07,   -0.290274486677873D-18,
   -0.421089545396038D-17,   -0.974413038216859D-17,    0.542953842378411D-17,
   -0.278107381477693D-18,   -0.135506678245520D-18,   -0.601996082840915D-17,
   -0.149935398207030D-16,    0.329969940441387D-17,   -0.737961558842346D-18,
   -0.186090210492485D-19,   -0.812436807864611D-19,   -0.523625463644442D-18,
   -0.129481539184651D-19,   -0.880568572923716D-19,    0.908882736781173D-18,
    0.381238745555245D-17,    0.469496387410409D-17,    0.522120106643688D-17,
   -0.363014110321217D-17,    0.359716811821268D-04,   -0.805628878800842D-07,
   -0.157942204573562D-06,    0.368249659177670D-06,    0.435488211609745D-05,
    0.519881711301697D-07,   -0.305887943349685D-06,    0.320309216865952D-04,
   -0.180530585126670D-18,    0.460151514848436D-17,   -0.315532824805086D-19,
    0.113883795304853D-18,   -0.174052090462470D-19,   -0.662951091681099D-19,
    0.116361713158690D-17,    0.679131343950996D-06,    0.431230965303911D-03,
    0.185593026465357D-03,    0.932766821711134D-07,    0.592811481171865D-04,
    0.255182407376067D-04,   -0.156669869829592D-06,   -0.995267596649407D-04,
   -0.428382790075533D-04,   -0.536334177199330D-08,   -0.340894986148249D-05,
   -0.146715846263679D-05,    0.302844965360858D-09,    0.193198364375868D-06,
    0.831682738900443D-07,   -0.385317719040042D-08,   -0.246874318625608D-05,
   -0.106440651815764D-05,    0.913654003348838D-18,   -0.189857108247179D-17,
   -0.633901546159168D-17,    0.259697099845660D-17,   -0.301046649298794D-17,
    0.155677471917774D-17,   -0.218717831969071D-17,   -0.124370755561742D-16,
    0.843591380826348D-18,   -0.387385388049331D-17,    0.388161028838599D-19,
   -0.913279114450394D-19,   -0.457937893302382D-18,    0.190168009484213D-21,
   -0.113050338751405D-18,    0.143512299469242D-17,   -0.119545102238591D-16,
   -0.120942955426108D-16,    0.433913000376214D-17,   -0.594421085021010D-17,
   -0.805510397081271D-07,    0.371129023822449D-04,    0.224863765657796D-05,
   -0.519890647381960D-07,   -0.305886804801892D-06,    0.368253230842357D-06,
   -0.435486403320646D-05,   -0.702193343210278D-07,    0.330256966822410D-04,
   -0.378071226193866D-18,   -0.200298787578959D-17,    0.506344450883888D-18,
    0.287268953585843D-17,   -0.134509684923762D-18,   -0.239332134283385D-19,
   -0.443402257912587D-18,    0.798587806574685D-05,   -0.113691754923152D-03,
    0.533972626789196D-03,    0.109765297322161D-05,   -0.156268163968784D-04,
    0.734134853985715D-04,   -0.184298355815778D-05,    0.262377711619802D-04,
   -0.123246201235302D-03,   -0.631319853809111D-07,    0.898743589926342D-06,
   -0.422116699134802D-05,    0.357776190973888D-08,   -0.509261594225803D-07,
    0.239262697422903D-06,   -0.456551573771300D-07,    0.649946459361551D-06,
   -0.306027192238404D-05,   -0.170731456229542D-17,   -0.131843176384069D-17,
   -0.117611209288413D-16,   -0.110173552975986D-17,   -0.102479341822838D-17,
   -0.262763357309847D-17,   -0.326208112324133D-17,   -0.188558449371472D-16,
    0.687873061080658D-19,   -0.215940981143552D-17,   -0.114039959577108D-18,
   -0.223144053476209D-18,   -0.786731310358656D-18,    0.177149334990105D-18,
    0.553266764763794D-19,   -0.103174921657256D-17,    0.600079069064602D-17,
    0.416415270691057D-17,   -0.246639657167227D-17,    0.232237173577681D-17,
   -0.157948666334774D-06,    0.224863539885384D-05,    0.408550952410286D-04,
   -0.478269476614202D-11,    0.104014763139519D-06,    0.228628977420741D-10,
    0.736769288142073D-06,   -0.137678088332495D-06,    0.196009367282040D-05,
    0.362877591936810D-04,   -0.580061065098011D-19,   -0.379029427755091D-18,
    0.100042835003708D-18,    0.774661253203070D-19,   -0.139807395933300D-19,
   -0.143727690806234D-19,    0.388231695548507D-19,   -0.186203605298067D-04,
    0.262874224427309D-05,   -0.116468917479912D-09,   -0.255968549681256D-05,
    0.361368043193887D-06,   -0.381676361386519D-13,    0.429748203464965D-05,
   -0.606702387671335D-06,    0.137866791079677D-10,    0.147196934181670D-06,
   -0.207805449459665D-07,    0.855733235868424D-12,   -0.834187521768676D-08,
    0.117748370595550D-08,    0.602329070772730D-13,    0.106580882718431D-06,
   -0.150479596683059D-07,   -0.554952133241855D-11,    0.586081815658273D-19,
   -0.687059254658668D-16,   -0.310907944286591D-15,    0.981145892833993D-17,
   -0.222403485923123D-16,    0.109607207380810D-18,   -0.111699668721871D-15,
   -0.516956910695168D-15,    0.158658615373295D-16,   -0.370857801269242D-16,
    0.410131795993537D-20,   -0.321231494999779D-17,   -0.159425163495267D-16,
    0.451389375928774D-18,   -0.114255591901889D-17,   -0.176156516684549D-19,
   -0.125880590049022D-16,   -0.613180200994075D-16,    0.165623590026276D-17,
   -0.425719669039956D-17,    0.368249583270490D-06,   -0.519891833966553D-07,
   -0.499741923690201D-11,    0.203983665359192D-05,   -0.562144582712031D-05,
    0.436958755995174D-11,   -0.394853731410661D-06,    0.320963668802429D-06,
   -0.453135766621235D-07,   -0.718265405202139D-11,    0.245186988614822D-05,
    0.248530228127436D-18,    0.111233008005553D-17,   -0.410384451895521D-18,
   -0.401312068929864D-18,    0.623226912529180D-19,    0.951140091282078D-19,
   -0.209239950882173D-18,    0.146755610854948D-03,   -0.103079186818316D-04,
   -0.214547218115592D-05,    0.201740601730059D-04,   -0.141702362711923D-05,
   -0.295056307278724D-06,   -0.338704276817636D-04,    0.237903269618162D-05,
    0.495266635437669D-06,   -0.116012546496503D-05,    0.814838195846882D-07,
    0.169610931661208D-07,    0.657473948721568D-07,   -0.461774313825500D-08,
   -0.961763483176848D-09,   -0.840009519062891D-06,    0.590099743812211D-07,
    0.123297108244996D-07,    0.630225618140608D-18,   -0.583800158336590D-17,
   -0.398783755907036D-16,   -0.141186927417252D-17,   -0.368429020246973D-17,
    0.108965620113716D-17,   -0.121110359100687D-16,   -0.659975324875132D-16,
   -0.887995528803637D-18,   -0.565388772094097D-17,    0.214527717300716D-19,
   -0.477041987302835D-18,   -0.200603140113175D-17,    0.157371289738122D-18,
   -0.151271353819562D-18,    0.396522891334305D-18,    0.331453903671869D-18,
   -0.485536439270972D-17,    0.175388205509202D-17,   -0.159505325343569D-17,
    0.435488214293032D-05,   -0.305888625150872D-06,    0.104016287409083D-06,
   -0.562144617903205D-05,    0.236030172939459D-04,   -0.394852482391819D-06,
   -0.143210257295201D-11,    0.379641541630174D-05,   -0.266659408482615D-06,
    0.906812481760654D-07,   -0.490019151890064D-05,    0.212484547359758D-04,
   -0.796829110580680D-19,    0.815230870655081D-18,    0.108608472971903D-18,
    0.223482449500177D-18,   -0.172300663906596D-19,   -0.662066042256712D-20,
   -0.803793425032989D-20,   -0.262877467948459D-05,   -0.186202467854038D-04,
    0.554740324176594D-09,   -0.361369075227559D-06,   -0.255968595682684D-05,
    0.221255196600711D-11,    0.606706221974464D-06,    0.429746800491327D-05,
   -0.669367862305832D-10,    0.207804490919670D-07,    0.147195833341700D-06,
   -0.412708959674163D-11,   -0.117782150799610D-08,   -0.834219837172322D-08,
   -0.203960739337148D-13,    0.150458845261209D-07,    0.106585433290234D-06,
    0.261357565038668D-10,    0.176065527176405D-18,    0.226011756350986D-16,
    0.132559313869597D-15,    0.275711552922001D-17,    0.887788620543548D-17,
    0.406705029726596D-18,    0.400535615788609D-16,    0.220105810944118D-15,
    0.135145795880033D-17,    0.140459979537177D-16,    0.239484650980622D-19,
    0.148351854308866D-17,    0.667439348513494D-17,   -0.303454472736516D-18,
    0.364644864661270D-18,    0.299960234952728D-19,    0.627994572697082D-17,
    0.260518987763020D-16,   -0.149064459499180D-17,    0.164328127366306D-17,
    0.519888277692335D-07,    0.368253100779070D-06,    0.228154823682591D-10,
   -0.367116460234964D-11,   -0.394856276036058D-06,    0.203983638603991D-05,
    0.562144434975206D-05,    0.453129809846154D-07,    0.320969532935045D-06,
    0.329174896784365D-10,    0.489209429653947D-12,   -0.344193622437933D-06,
    0.245186948842201D-05,   -0.279913047732493D-18,    0.254588024234939D-17,
    0.419311488753146D-18,    0.928566558429099D-18,   -0.653798910941737D-19,
   -0.148194686498868D-19,   -0.238098814860241D-18,   -0.103082103694861D-04,
   -0.146754252771607D-03,   -0.151968724595614D-04,   -0.141702470333479D-05,
   -0.201740549712976D-04,   -0.208994977107292D-05,    0.237906814143146D-05,
    0.338702638962497D-04,    0.350808400467813D-05,    0.814861289307888D-07,
    0.116011538205047D-05,    0.120136431828027D-06,   -0.461763360917791D-08,
   -0.657474541820720D-07,   -0.681185254758780D-08,    0.589965273241480D-07,
    0.840073557540433D-06,    0.873321480551950D-07,   -0.696516325435118D-18,
   -0.850118475027238D-17,   -0.474103608984214D-16,   -0.783773389513331D-18,
   -0.390936103601527D-17,   -0.116680238513914D-17,   -0.150566637418672D-16,
   -0.780360812605018D-16,    0.683173516736725D-18,   -0.684390885542057D-17,
   -0.389488589365252D-19,   -0.519984758188938D-18,   -0.236750173893176D-17,
    0.129025453801730D-18,   -0.177482569370306D-18,   -0.627394707730760D-18,
    0.214668990611423D-17,   -0.543698749356325D-17,   -0.122439850555392D-17,
    0.129565377059638D-17,   -0.305890159719814D-06,   -0.435486424141360D-05,
    0.736768570288688D-06,   -0.394849736875588D-06,   -0.820193798493439D-11,
    0.562144470442293D-05,    0.236030092502318D-04,   -0.266662476304071D-06,
   -0.379638439766931D-05,    0.642317649890461D-06,   -0.344189902974939D-06,
   -0.712655953386727D-11,    0.490018931090714D-05,    0.212484428337999D-04,
 DENSITY      SPIN             2    0    1    5    1
   -0.237659865580371D-02,    0.810603702893532D-02,    0.135863374847465D+00,
    0.244632654922923D-02,   -0.757954341113668D-02,   -0.610091374814081D-03,
   -0.605062624123200D-03,   -0.585568684617089D-01,    0.177559652925602D-02,
    0.379681363681762D-02,    0.415678088507555D-03,    0.281660553292348D-02,
    0.131596993317430D-03,   -0.431160075782458D-03,    0.285716015687850D-04,
   -0.467809941541886D-03,    0.145484723360016D-02,   -0.250597406711574D-04,
   -0.135990561747942D-03,   -0.104440729694177D-04,    0.103918427081421D-04,
   -0.965356677830218D-04,   -0.675955710840912D-02,    0.674479986838973D-04,
    0.312671689880529D-03,   -0.260314704318729D-04,   -0.542517320241937D-05,
   -0.636056626785248D-05,    0.885526981814276D-18,   -0.452049496633394D-17,
   -0.859482199323959D-18,   -0.731880225806974D-17,    0.218925808344700D-18,
   -0.866881502916977D-18,    0.316706395496271D-17,   -0.150270895402440D-02,
   -0.804084731377144D-17,   -0.126121698790839D-16,    0.626455318651455D-17,
    0.437431240504588D-16,   -0.103150210162274D-17,    0.225355350575077D-17,
   -0.421169766613145D-16,   -0.293038668295848D-02,    0.400107978469542D-01,
   -0.432431786918537D-16,   -0.289827914722461D-15,    0.346553583077378D-16,
    0.223070402454972D-15,   -0.665348821392053D-17,    0.901364917482221D-17,
   -0.175973272770471D-15,   -0.140734059875386D-01,    0.200360311812451D+00,
    0.960537168424417D+00,   -0.930977421838737D-18,   -0.497420365607487D-16,
    0.100373047902105D-17,    0.765876632003386D-17,   -0.441681080905856D-18,
   -0.316541439189043D-18,    0.977394876807806D-18,   -0.189275393294351D-03,
    0.251374444954868D-04,    0.120723338245475D-03,   -0.157988189380263D-03,
    0.848087706998847D-18,   -0.808392170834117D-17,   -0.782916171614136D-18,
    0.147184790447956D-17,    0.132854326831749D-18,    0.759235059701714D-19,
   -0.123234385831822D-17,    0.251369809977675D-04,   -0.545383294828447D-03,
   -0.171871510433642D-02,   -0.139087918150071D-04,    0.390515826610239D-04,
    0.427758387587399D-17,    0.155051383418069D-15,   -0.117117615462484D-17,
   -0.909745014137521D-17,    0.707964027629178D-18,    0.935202609285279D-19,
   -0.231692160426103D-18,    0.120723436952857D-03,   -0.171871512754118D-02,
   -0.844177059775667D-02,   -0.667980367065069D-04,    0.950990505359450D-03,
    0.440823950286682D-02,    0.213077351585508D-17,    0.124433870032228D-15,
   -0.757312835264797D-18,   -0.817892594130686D-17,    0.443517221153137D-18,
    0.279011128852129D-18,   -0.219940629566355D-18,    0.333125048961743D-03,
    0.851054535221812D-04,    0.408724511239407D-03,   -0.501759351066498D-05,
   -0.173046950201747D-04,   -0.831071464100749D-04,   -0.807675225789690D-04,
    0.275323085568635D-17,    0.110429523378032D-15,   -0.121827003439811D-17,
   -0.813264103307348D-17,    0.498369917577811D-18,    0.714348984256214D-19,
    0.112644763827398D-17,    0.851050803386850D-04,   -0.872524054407270D-03,
   -0.581893099807929D-02,   -0.173047049208020D-04,    0.240130524389323D-03,
    0.118318007583749D-02,   -0.349986307605623D-04,    0.415042775867531D-03,
    0.945840370355723D-18,    0.314381187126284D-16,    0.252050783865147D-18,
   -0.367567527771001D-17,   -0.319479087675010D-20,   -0.120420523396054D-18,
    0.218756501200622D-17,    0.408724588187059D-03,   -0.581893098229359D-02,
   -0.276067579716099D-01,   -0.831071432519826D-04,    0.118318006102312D-02,
    0.567607967062014D-02,   -0.168083599321348D-03,    0.239297312991129D-02,
    0.114092105123517D-01,    0.711043875229990D-18,    0.113110681366971D-16,
   -0.391862293078857D-19,    0.657756605762045D-18,    0.137750906202485D-19,
   -0.105348760382702D-20,    0.140074900237716D-18,    0.471470758862547D-04,
   -0.166550086201973D-05,   -0.799928026217206D-05,   -0.160981818905366D-05,
    0.265442349590475D-06,    0.127477793191654D-05,   -0.142212856628414D-04,
   -0.475674897264082D-06,   -0.228433528395401D-05,   -0.487292140209993D-05,
    0.592776029976439D-18,    0.862449490180914D-17,   -0.248705942143391D-18,
   -0.648882537770034D-18,    0.768597100139739D-19,    0.135986825256480D-19,
    0.317843338235343D-19,   -0.166573437079485D-05,    0.707431523770338D-04,
    0.113883830982413D-03,    0.265430664131514D-06,   -0.537014111530687D-05,
   -0.181487798966662D-04,   -0.475623109702622D-06,   -0.748297422166969D-05,
    0.325217091573199D-04,   -0.102514863003535D-06,   -0.342063816577140D-05,
    0.684724011698540D-18,    0.123148406506447D-16,   -0.973550304761042D-19,
   -0.720788168766601D-18,    0.740842459425987D-19,    0.164495883642368D-19,
   -0.144417426797433D-18,   -0.799923112706817D-05,    0.113883827388833D-03,
    0.593965862125166D-03,    0.127478018086419D-05,   -0.181487772119459D-04,
   -0.887520661207241D-04,   -0.228434619714846D-05,    0.325217101723724D-04,
    0.141933303846698D-03,   -0.492335452128613D-06,    0.700928294737993D-05,
    0.287824939951419D-04,   -0.806062725721432D-19,   -0.127544991677700D-17,
   -0.674194481356809D-20,   -0.408275762821153D-18,    0.111819220273621D-19,
    0.761116091549146D-20,   -0.584085651766804D-19,   -0.118814388602327D-05,
   -0.655599115937573D-07,   -0.314816700837996D-06,    0.648300482107509D-06,
   -0.269345553411721D-07,   -0.129344810626586D-06,    0.296526012202704D-06,
   -0.511814383949340D-07,   -0.245815303683581D-06,   -0.260453043787956D-06,
   -0.262498365681279D-07,   -0.126075151189173D-06,    0.955588712473171D-07,
   -0.216425552871276D-18,   -0.379748971485755D-17,    0.347754261913128D-19,
   -0.934382981217687D-20,   -0.110108251797137D-19,    0.402865340509945D-21,
   -0.291204332564713D-19,   -0.655440283895976D-07,   -0.259497788071329D-06,
    0.448200707080943D-05,   -0.269303870297361D-07,    0.102984102469162D-05,
    0.184146282964650D-05,   -0.511864423208056D-07,    0.102162651414553D-05,
    0.349961665980144D-05,   -0.262531526246017D-07,    0.111440400975193D-06,
    0.179490217896571D-05,   -0.113370431382257D-07,    0.256165804048433D-06,
   -0.251022585115063D-18,    0.164791980915633D-17,   -0.345645336998083D-19,
   -0.176813958596944D-18,   -0.588990895568988D-20,    0.992585078970565D-20,
   -0.151351042217156D-19,   -0.314819979535025D-06,    0.448200644758344D-05,
    0.203324313413382D-04,   -0.129345690101276D-06,    0.184146292618631D-05,
    0.949017488586143D-05,   -0.245814270022830D-06,    0.349961684559804D-05,
    0.171001078477780D-04,   -0.126074461906395D-06,    0.179490224415292D-05,
    0.835785791653524D-05,   -0.544470153678907D-07,    0.775151443678721D-06,
    0.381748655065553D-05,   -0.289973186487064D-17,   -0.104215501686623D-15,
    0.203527869966122D-17,    0.737678964331135D-17,   -0.627190487009536D-18,
   -0.184539493020080D-18,    0.359439470106499D-18,    0.149861270177172D-04,
   -0.415390182438408D-04,   -0.199493098025256D-03,    0.631893564209528D-05,
   -0.354829785875687D-06,   -0.170410653379410D-05,   -0.124333341100844D-06,
   -0.380560850694892D-06,   -0.182799319556442D-05,    0.391688864539798D-06,
   -0.682713533260967D-07,   -0.327909356663881D-06,    0.334161184259535D-07,
   -0.384573901194407D-08,   -0.184688305068553D-07,   -0.345957373758126D-06,
    0.114331593800993D-18,   -0.270685925827984D-16,   -0.196506314892931D-18,
    0.227048743748487D-17,   -0.280355564820631D-19,    0.237379994796693D-19,
   -0.582357778766853D-18,   -0.415385347430667D-04,    0.603447810455688D-03,
    0.284014470226174D-02,   -0.354833527637321D-06,    0.113456805758567D-04,
    0.242610238651782D-04,   -0.380688814848113D-06,    0.526781222694092D-05,
    0.260245888731279D-04,   -0.682837133414369D-07,    0.135894682340733D-05,
    0.466836257655042D-05,   -0.384548959001197D-08,    0.878952546727874D-07,
    0.262937477178847D-06,   -0.663078417853411D-06,    0.904758463564551D-05,
   -0.507465453766584D-18,    0.494731234514204D-17,    0.502429724396729D-18,
    0.294831039224372D-17,   -0.767424626551936D-19,    0.140639506222232D-18,
   -0.264232854205817D-17,   -0.199493198529131D-03,    0.284014469282595D-02,
    0.136520803682717D-01,   -0.170410581653227D-05,    0.242610247653174D-04,
    0.122809437514181D-03,   -0.182796662890527D-05,    0.260245918149256D-04,
    0.124834018092431D-03,   -0.327906785303907D-06,    0.466836278825436D-05,
    0.228070613576828D-04,   -0.184688823005419D-07,    0.262937471629800D-06,
    0.129592330307789D-05,   -0.318448477489084D-05,    0.453368831272091D-04,
    0.217341313545786D-03,    0.165558915111360D-02,    0.261680445320620D-01,
   -0.255553528631659D-03,   -0.189724712854340D-02,    0.132009824181587D-03,
    0.320366148405728D-04,   -0.492347353123265D-04,    0.419306444310780D-17,
   -0.205393950107212D-16,   -0.997260555628763D-16,   -0.533217985707740D-17,
    0.143220181267576D-17,    0.251978693693454D-17,    0.153005005904959D-17,
   -0.199313488419262D-17,    0.163054739861815D-17,   -0.526118923881081D-18,
    0.244799338883702D-18,    0.387812292404810D-18,    0.107103643718418D-18,
    0.108215004420822D-18,    0.383957514774030D-19,   -0.398399452597150D-17,
    0.812002334291739D-18,   -0.143863376016202D-17,    0.613639072658304D-03,
   -0.892725430011396D-05,   -0.141103112268451D-03,    0.137799360325113D-05,
    0.102303202327349D-04,   -0.711822281720876D-06,   -0.172747566545808D-06,
    0.265483112867746D-06,    0.965121740776804D-17,   -0.551445646708177D-16,
   -0.272707754200895D-15,    0.641264073716132D-18,    0.207267187659903D-18,
    0.109773228515157D-17,   -0.223460546189381D-17,    0.157514180796466D-17,
    0.411622982110178D-17,   -0.683621839371111D-19,    0.275619262324004D-19,
   -0.161910817975322D-18,   -0.120774697145940D-19,    0.411099237267701D-20,
   -0.121169708408311D-19,   -0.244213195808264D-17,    0.144472167159488D-17,
   -0.432091611653940D-17,    0.163233141396422D-05,    0.819869620193174D-05,
   -0.428738185189295D-04,   -0.677658449114048D-03,    0.661791931261551D-05,
    0.491318924248817D-04,   -0.341858073992739D-05,   -0.829633356736033D-06,
    0.127500292426693D-05,   -0.809085518600983D-17,    0.718142191425212D-16,
    0.307799926967336D-15,    0.142169479333855D-17,    0.308075948619123D-18,
    0.205145952359607D-17,   -0.402731286886244D-17,    0.319249645523291D-17,
   -0.728952085527518D-17,   -0.998022867637271D-19,    0.371114010332820D-18,
    0.328620756748436D-18,   -0.234509641096433D-19,    0.291583879572611D-19,
    0.234217664286472D-19,   -0.120987594540145D-16,    0.122338234153875D-16,
    0.321225903429767D-17,   -0.391966774982253D-05,    0.966550709050403D-04,
    0.452266387824253D-03,   -0.632342530573552D-04,   -0.999473034633886D-03,
    0.976071630923500D-05,    0.724642359059402D-04,   -0.504203744228994D-05,
   -0.122361960882831D-05,    0.188049156831945D-05,    0.713997693908291D-17,
    0.330928239485475D-16,    0.169948257923270D-15,   -0.664841390126916D-18,
    0.120134200952926D-18,   -0.771822078093077D-18,   -0.200478052720098D-17,
   -0.329980154894325D-17,   -0.333928339587953D-17,   -0.124084976913702D-18,
    0.429183247494461D-19,    0.273732252212402D-18,   -0.657770726735074D-19,
    0.318980767403000D-19,    0.133536182999487D-19,   -0.438625058863501D-18,
    0.963276507882439D-18,    0.246569585544590D-17,    0.115622639506552D-04,
    0.302661369900641D-11,   -0.678910083545946D-05,    0.819868933739822D-05,
    0.610386116276570D-03,    0.964768997681082D-02,   -0.942180148618788D-04,
   -0.699481083324197D-03,    0.486696612092385D-04,    0.118113268327817D-04,
   -0.181519657025431D-04,    0.382410694415425D-17,   -0.219315219405254D-16,
   -0.116766156264082D-15,    0.607258346741232D-17,   -0.306055598457712D-17,
    0.278643516291893D-17,   -0.700239459976302D-18,    0.132767087930928D-16,
    0.333982159612244D-17,    0.115503320769767D-18,    0.232629842429348D-18,
   -0.644915069357687D-18,    0.321458475588430D-18,   -0.136287323932207D-18,
   -0.523612563961429D-20,    0.243438512232761D-17,   -0.234841787734315D-17,
   -0.170100752501770D-17,    0.558035388634315D-04,   -0.678909709993160D-05,
   -0.141362954029319D-05,   -0.966550610633277D-04,    0.472292657053633D-03,
    0.522322014211338D-03,    0.474763564807332D-01,   -0.365110414779902D-03,
   -0.379917503636055D-02,    0.193116314868754D-03,    0.684487957295190D-04,
   -0.103430103012280D-03,    0.102422733675102D-17,    0.508439775915646D-16,
    0.240240585585130D-15,   -0.978137482987186D-17,    0.320991925084971D-17,
    0.482264153637396D-17,    0.290382148992182D-17,   -0.480152937560079D-17,
   -0.280582360739026D-17,   -0.973918249894931D-18,    0.568247969772950D-18,
    0.947134422121647D-18,    0.173364351686939D-18,    0.188669566067081D-18,
    0.104205412380300D-18,   -0.773044000407961D-17,    0.290617157708986D-17,
    0.368423184563864D-17,    0.988464093211282D-03,    0.261214372146627D-05,
   -0.627261052718781D-05,    0.185025451265106D-04,    0.893019725558625D-04,
    0.184057138068094D-02,   -0.281645972578031D-05,   -0.256001592668912D-03,
    0.196874516168742D-05,    0.204858783898874D-04,   -0.104132008931928D-05,
   -0.369088998983405D-06,    0.557714860652181D-06,    0.139457315827165D-17,
    0.927245721244371D-16,    0.420408239915328D-15,    0.875156323421434D-18,
   -0.594989788882059D-18,   -0.893274865589319D-18,   -0.346111493600771D-17,
   -0.147389976551201D-17,   -0.969476477356453D-17,   -0.198522706024962D-18,
    0.137467263652827D-18,    0.281897448458243D-18,   -0.149538890738173D-19,
    0.168117166085271D-19,    0.186980876089518D-19,   -0.477205841943378D-17,
    0.562381200856019D-17,    0.560947278335969D-17,    0.261214295372455D-05,
    0.195944768076818D-04,    0.154673824772407D-03,    0.150696294172642D-11,
   -0.108643678795102D-04,    0.485298805431416D-05,    0.405151291988775D-04,
   -0.135262645238552D-04,   -0.122946722747561D-02,    0.945504923338258D-05,
    0.983849973605469D-04,   -0.500101938915391D-05,   -0.177257813436269D-05,
    0.267846834209731D-05,    0.308230464211886D-17,   -0.353849446582104D-16,
   -0.231386747409247D-15,    0.285840236460403D-17,    0.187478226732303D-17,
    0.683870559347098D-17,   -0.903306160705251D-17,    0.995250432551113D-17,
    0.213862012227828D-17,   -0.170575962848555D-18,    0.512675762579681D-18,
   -0.454426767087433D-19,   -0.450999342670289D-19,    0.470822912854985D-19,
    0.749854530024694D-21,   -0.225830441518161D-16,    0.204521998237533D-16,
   -0.590857413571706D-17,   -0.627261638012097D-05,    0.154673825870218D-03,
    0.730220916512739D-03,   -0.108643645905319D-04,   -0.226221130183964D-05,
   -0.116540749188146D-04,    0.287365560558237D-03,    0.136077449268996D-02,
   -0.199497772443290D-04,   -0.181333131502991D-02,    0.139451759550514D-04,
    0.145107240929894D-03,   -0.737596321068970D-05,   -0.261436123121443D-05,
    0.395045128340653D-05,   -0.172940302069487D-16,    0.320426049284790D-16,
    0.175320775230787D-15,   -0.287100991489527D-17,    0.267656311210781D-17,
    0.242465342819410D-17,    0.399338916023901D-17,   -0.339381193482709D-17,
    0.223375176894314D-17,    0.709060114563839D-19,   -0.704144701290442D-20,
    0.336515429253383D-18,   -0.107070958179196D-18,    0.618752300191809D-19,
    0.156216859638309D-19,   -0.666101205786604D-18,    0.127109329661575D-17,
    0.286247448322542D-17,    0.185025490629580D-04,    0.521400676848588D-11,
   -0.108643609825207D-04,    0.195944810461134D-04,   -0.154673861882422D-03,
    0.343750801984703D-04,    0.565594163676966D-11,   -0.201846806732650D-04,
    0.405151581972426D-04,    0.192570767577844D-03,    0.175036830089461D-01,
   -0.134609675587553D-03,   -0.140068784922119D-02,    0.711985290686957D-04,
    0.252358461221652D-04,   -0.381328267499313D-04,   -0.345340113503336D-17,
    0.115097621365086D-16,    0.670884630520916D-16,    0.100641586308902D-16,
   -0.782533816433792D-17,    0.150565882208096D-17,    0.294746045909444D-18,
    0.234101741397905D-16,   -0.446989710670793D-17,    0.364581621290743D-18,
    0.490332060242128D-18,   -0.942265433935727D-18,    0.577007640559167D-18,
   -0.251376167599996D-18,    0.679216486924812D-20,    0.431407589958619D-17,
   -0.338197417516235D-17,    0.702422337038008D-18,    0.893019549931277D-04,
   -0.108643714312178D-04,   -0.226223045809149D-05,   -0.154673863543471D-03,
    0.762268808913675D-03,    0.165916771695346D-03,   -0.201847298651828D-04,
   -0.420304963543612D-05,   -0.287365793686606D-03,    0.142031725819458D-02,
    0.991000412240603D-03,    0.157729087173512D-02,    0.735483377040731D-05,
   -0.137438091458554D-03,    0.304322440819839D-04,   -0.705818869161092D-05,
   -0.844721148437123D-05,    0.994663351984588D-18,   -0.104268566688662D-16,
   -0.505896281551977D-16,   -0.456188901736645D-18,    0.126015043385869D-18,
    0.438373356127323D-18,    0.141709366643991D-18,   -0.171175294138495D-19,
    0.960367412848165D-18,   -0.165223068886853D-19,    0.570298212181597D-20,
    0.234475781113676D-19,    0.605561236308936D-20,    0.588059659015535D-20,
   -0.115803418006947D-19,   -0.320217100017762D-18,   -0.804014188951331D-19,
   -0.733062876470977D-18,    0.733076762262513D-04,    0.191616418339571D-06,
   -0.460117777003262D-06,    0.135726591119035D-05,    0.655067321497543D-05,
    0.861999914385256D-04,    0.225040108838785D-06,   -0.540387337208635D-06,
    0.159401356966062D-05,    0.769347565203337D-05,    0.184201847348840D-04,
   -0.534366369216636D-05,   -0.850505399413914D-05,   -0.396586701939382D-07,
    0.741092475067673D-06,   -0.164096478400969D-06,    0.380591026266201D-07,
    0.455489782329936D-07,    0.238797476338836D-17,   -0.295769887083751D-16,
   -0.142214717232921D-15,    0.398301181247954D-19,    0.875732350219696D-19,
    0.475104787867760D-18,   -0.204148859104603D-18,    0.704703481862323D-18,
    0.295389702961510D-17,   -0.797749740189334D-20,   -0.123493133171219D-19,
   -0.710339786491083D-19,   -0.556618068217796D-21,   -0.483101051084744D-21,
   -0.572083206196128D-20,   -0.187507949634508D-18,   -0.228768540380399D-18,
   -0.209331737785325D-17,    0.191614494705601D-06,    0.223633293714376D-05,
    0.113461224778955D-04,   -0.628595218887371D-14,   -0.796954371047197D-06,
    0.225037622483698D-06,    0.273076605852265D-05,    0.133253219439650D-04,
   -0.818973571527744D-12,   -0.935974270065740D-06,    0.482901584160818D-07,
    0.509060465424587D-06,   -0.256633533670363D-04,   -0.408461720053017D-04,
   -0.190463793038195D-06,    0.355915325451370D-05,   -0.788085882305756D-06,
    0.182781750062425D-06,    0.218752452867125D-06,    0.643746221097050D-17,
   -0.938444651650443D-16,   -0.453973649441600D-15,    0.111327973619318D-18,
   -0.661307192982319D-19,   -0.472299828640401D-18,   -0.502212136847781D-18,
    0.149945350330603D-17,    0.513936408104027D-17,   -0.629500828000373D-20,
   -0.405877018360285D-19,   -0.303130295311249D-18,   -0.207438475324228D-20,
   -0.197447884532791D-20,   -0.215197020125154D-19,   -0.915670500275631D-18,
   -0.463703077809530D-18,   -0.691750053189836D-17,   -0.460127012668137D-06,
    0.113461221413209D-04,    0.543644449463446D-04,   -0.796960023599063D-06,
   -0.165930879615358D-06,   -0.540399555756331D-06,    0.133253214055755D-04,
    0.639520225718933D-04,   -0.935980314404149D-06,   -0.194876944961646D-06,
   -0.115958326368467D-06,    0.285940517467264D-05,    0.136461825291930D-04,
   -0.378506735625270D-04,   -0.602436906023190D-04,   -0.280913520869607D-06,
    0.524936652857082D-05,   -0.116234153067560D-05,    0.269583333295626D-06,
    0.322636229216021D-06,   -0.216470880908017D-17,    0.250806583114592D-16,
    0.119173750345882D-15,   -0.175039427011579D-18,   -0.490555948370908D-19,
   -0.992854884226123D-18,    0.167036813596538D-18,   -0.107981330615211D-17,
   -0.378538875263177D-17,    0.100983876976643D-19,   -0.816416547318050D-20,
    0.523573711369301D-19,   -0.516582707559440D-20,    0.302661826245174D-20,
    0.144646029100709D-20,   -0.658129621859570D-19,    0.373574078043423D-18,
    0.167370231533132D-17,    0.135726652954569D-05,    0.154917240536554D-12,
   -0.796954408771970D-06,    0.223633310802535D-05,   -0.113461218192895D-04,
    0.159401388139929D-05,    0.201204851888565D-11,   -0.935973556969093D-06,
    0.273076671444407D-05,   -0.133253255128079D-04,    0.342052766948485D-06,
   -0.146693352150451D-13,   -0.200846014376381D-06,    0.509060673913854D-06,
    0.365364112273816D-03,    0.581518913803616D-03,    0.271159554606499D-05,
   -0.506709645684277D-04,    0.112198236395584D-04,   -0.260222781098973D-05,
   -0.311433562725800D-05,   -0.265885807344062D-17,    0.372690311920582D-16,
    0.178767503790301D-15,    0.593094299817452D-18,   -0.371769730161343D-18,
   -0.323098088199947D-18,    0.328867695038931D-19,    0.497377522507273D-18,
   -0.333258431250889D-17,    0.381331180970534D-20,    0.714869504368121D-19,
    0.567063815881294D-19,    0.278359857746973D-19,   -0.112851531557038D-19,
    0.658901471055426D-20,    0.193892019323650D-18,    0.350719958602943D-18,
    0.263473108184334D-17,    0.655067078191721D-05,   -0.796959764064918D-06,
   -0.165955708134270D-06,   -0.113461215979074D-04,    0.567152910030897D-04,
    0.769347478692725D-05,   -0.935980733935068D-06,   -0.194909368891826D-06,
   -0.133253250443143D-04,    0.667129884127974D-04,    0.165087587077996D-05,
   -0.200846002791715D-06,   -0.418204064640513D-07,   -0.285940503530878D-05,
    0.142386339683653D-04,    0.142283707117732D-03,    0.691381169951348D-02,
   -0.999333399155034D-04,   -0.605231536593547D-03,    0.375987643244899D-04,
    0.128168272394277D-04,   -0.267828183957839D-04,   -0.422696682958480D-17,
    0.107170337256427D-16,    0.773201245089883D-16,   -0.242653294462510D-17,
   -0.362965944815999D-18,    0.274872068262880D-17,    0.123359788181122D-17,
    0.541005838464071D-18,    0.225362223132176D-17,   -0.612285631000220D-19,
    0.210264649377803D-18,    0.242401169117140D-18,    0.146191167453144D-19,
    0.274569574778914D-19,    0.271346539987124D-19,   -0.133106105910320D-17,
    0.674351240951120D-18,    0.131829018203802D-17,    0.180815902761585D-03,
    0.469435614405791D-06,   -0.112789646953261D-05,    0.332518966269789D-05,
    0.160572018638518D-04,    0.345645600807640D-03,    0.899330633220903D-06,
   -0.216061787370921D-05,    0.637027864959807D-05,    0.307596379700326D-04,
    0.143480456055564D-04,    0.374441109871670D-07,   -0.899372381431290D-07,
    0.265228249395380D-06,    0.128040809864191D-05,    0.617549287471841D-04,
   -0.767221042096512D-06,   -0.372805916447421D-04,    0.538859657248571D-06,
    0.326352395337794D-05,   -0.202739717546077D-06,   -0.691107787989638D-07,
    0.144418067671822D-06,   -0.180073550270113D-16,   -0.448091449653902D-17,
   -0.259152817177028D-15,   -0.430971725055098D-17,    0.106029190476999D-16,
   -0.340544770609138D-17,    0.334108787929096D-17,   -0.595189881162143D-17,
    0.687788807045306D-17,    0.379137827395822D-18,   -0.913960978463349D-18,
    0.337688060967855D-18,   -0.591844166957094D-20,    0.159395514960661D-19,
    0.517335050626037D-20,   -0.618215714041280D-18,   -0.475430833364150D-18,
   -0.356215882297969D-17,    0.469448473149225D-06,    0.665037354693620D-05,
    0.278020275731829D-04,    0.115576785993041D-10,   -0.195287443649702D-05,
    0.899349702510013D-06,    0.119973265160343D-04,    0.532608687182420D-04,
    0.186377430118584D-10,   -0.374114368516429D-05,    0.374444354410116D-07,
    0.458016094091458D-06,    0.221737039730983D-05,    0.409152733238961D-12,
   -0.155750659712843D-06,    0.161170811227973D-06,    0.196081784602630D-05,
   -0.368463697611802D-05,   -0.179042870633796D-03,    0.258791451486989D-05,
    0.156733217523385D-04,   -0.973672899251294D-06,   -0.331909772670432D-06,
    0.693578793944309D-06,   -0.317511789944470D-16,    0.100524083947861D-15,
    0.218921368740255D-15,   -0.552905906539216D-17,    0.106737055186015D-16,
   -0.210150777703943D-17,    0.307768567175443D-17,   -0.771363340958327D-17,
   -0.327977848235479D-17,    0.510908367717818D-18,   -0.851995285769814D-18,
    0.380100601831965D-18,   -0.133928260255874D-19,    0.212562660299868D-19,
    0.821370397753812D-20,   -0.392492414886853D-17,    0.406844437364794D-17,
    0.302236026021486D-17,   -0.112783383994916D-05,    0.278020280411321D-04,
    0.134382749014298D-03,   -0.195279578000817D-05,   -0.406849540045885D-06,
   -0.216052432161349D-05,    0.532608682139331D-04,    0.256696646373981D-03,
   -0.374101884150245D-05,   -0.779337454005735D-06,   -0.899356504866154D-07,
    0.221737025429200D-05,    0.106454017260162D-04,   -0.155748209043903D-06,
   -0.324377111912801D-07,   -0.387208760191389D-06,    0.954498884853085D-05,
    0.458138799784498D-04,   -0.543444250755230D-05,   -0.264068929263340D-03,
    0.381689464377313D-05,    0.231164591348945D-04,   -0.143606249867654D-05,
   -0.489531105556769D-06,    0.102295382602565D-05,   -0.725095297674747D-17,
   -0.780709317771878D-16,   -0.302405458136558D-15,   -0.431942756168107D-17,
   -0.262709754847079D-17,    0.459264631295758D-17,    0.119194653612970D-17,
    0.365827508423213D-17,    0.119021342959411D-16,    0.268588137828734D-18,
    0.286927761479555D-18,   -0.112858183338260D-18,   -0.254873163142798D-19,
    0.448167106564938D-20,   -0.802130665778889D-20,    0.932521021140324D-19,
   -0.585446855185410D-18,   -0.418771991954807D-17,    0.332519082713578D-05,
   -0.326488866677442D-11,   -0.195282978471452D-05,    0.665039637388586D-05,
   -0.278022419950880D-04,    0.637028036285365D-05,   -0.602389132858534D-11,
   -0.374106913582150D-05,    0.119973640478500D-04,   -0.532612250296315D-04,
    0.265228389313721D-06,   -0.887860694761181D-13,   -0.155749023609485D-06,
    0.458017099088716D-06,   -0.221737818119740D-05,    0.114161814023804D-05,
    0.966987287985371D-12,   -0.670439763978397D-06,    0.196082449359110D-05,
    0.524574510674980D-04,    0.254899810418193D-02,   -0.368436296001414D-04,
   -0.223137996683363D-03,    0.138619894114654D-04,    0.472533410576895D-05,
   -0.987434478763572D-05,    0.269654326005874D-16,   -0.153857149353913D-15,
   -0.857716441163232D-15,    0.494582330642022D-17,    0.298341639154891D-17,
   -0.448663572987503D-17,   -0.257770356382050D-17,    0.127679627666288D-17,
    0.425931709393190D-17,   -0.194862175460529D-18,   -0.550376511650750D-18,
   -0.852529917560124D-18,    0.106069849858709D-18,   -0.577641653747282D-19,
   -0.609654966198548D-19,    0.860329652100282D-18,   -0.370393623337834D-17,
   -0.130999851590808D-16,    0.160571867265689D-04,   -0.195284213204485D-05,
   -0.406686866330643D-06,   -0.278022431383695D-04,    0.140145255818960D-03,
    0.307596131768849D-04,   -0.374109596624126D-05,   -0.779094679468480D-06,
   -0.532612257438991D-04,    0.267735459178034D-03,    0.128040681199776D-05,
   -0.155749897229097D-06,   -0.324337424182899D-07,   -0.221737810360367D-05,
    0.111049044792286D-04,    0.551261488499536D-05,   -0.670454392946109D-06,
   -0.139647985499365D-06,   -0.954505739842569D-05,    0.477922119289953D-04,
   -0.123263752410300D-18,    0.393099668095381D-18,   -0.447568516218622D-19,
   -0.258351619782829D-18,    0.248538636637109D-19,    0.174069890282069D-18,
   -0.219760309189018D-18,    0.363767175205372D-03,    0.560580056556510D-06,
   -0.107578199335674D-04,    0.247179777555298D-04,    0.380910577454936D-07,
   -0.731085354008609D-06,   -0.818924203800239D-04,   -0.126174700490982D-06,
    0.242202720018801D-05,   -0.203147082020579D-05,   -0.313629741227091D-08,
    0.600825208847183D-07,   -0.214829389143844D-06,   -0.331720884461377D-09,
    0.635402817745171D-08,   -0.199621681104431D-05,   -0.305527343695820D-08,
    0.592075643482822D-07,   -0.339889792098650D-18,    0.128654419231879D-17,
    0.143225318781343D-17,    0.122690041957762D-17,    0.948275443013047D-18,
   -0.272728643180408D-18,    0.135046565620553D-17,    0.381679590430280D-17,
   -0.267728951934738D-17,    0.128966504469167D-17,   -0.490252481728776D-19,
    0.260467413279962D-19,    0.298217147475965D-18,   -0.220130769560868D-19,
    0.997314733789603D-19,    0.621571185599966D-18,    0.304402860284553D-17,
    0.568649501174695D-17,    0.464774309562588D-17,   -0.227586823952362D-17,
    0.630080773938043D-04,    0.324518924731553D-18,    0.481782272637824D-17,
   -0.833523889456643D-20,   -0.144952507416747D-18,    0.415183552100931D-20,
   -0.475834806655919D-19,    0.878633782756928D-18,    0.560070543310364D-06,
    0.355829504972620D-03,    0.153156162190279D-03,    0.380224726650152D-07,
    0.241788726704607D-04,    0.104082102489124D-04,   -0.126032324027935D-06,
   -0.801060267198044D-04,   -0.344817001549762D-04,   -0.312118944696598D-08,
   -0.198715372627319D-05,   -0.855359181527357D-06,   -0.329929404974875D-09,
   -0.210143547409205D-06,   -0.904582110879378D-07,   -0.302528551970740D-08,
   -0.195315892920819D-05,   -0.842879186352356D-06,    0.134172283228934D-19,
    0.349549476437261D-18,    0.500161080390754D-18,    0.903002970958323D-18,
    0.142807260000279D-18,    0.353764649657620D-19,    0.957923237279838D-18,
   -0.404167048404384D-18,   -0.140227808123613D-17,    0.115851735257637D-17,
   -0.406613378300459D-21,   -0.555830898757406D-19,   -0.163363818705775D-18,
   -0.227737372990964D-19,    0.447659356227265D-19,    0.969331029031579D-18,
   -0.915250645109587D-17,   -0.820646929760790D-17,    0.341652427302879D-17,
   -0.405209272804946D-17,   -0.144063568926826D-06,    0.650489631608664D-04,
   -0.486085657817758D-18,   -0.367887492160946D-17,    0.287086872368402D-19,
    0.236674201122146D-18,   -0.120205204396349D-19,    0.384922543585304D-19,
   -0.610843110686516D-18,    0.658908793815511D-05,   -0.938055812300418D-04,
    0.440631839964144D-03,    0.447703761847051D-06,   -0.637360554613987D-05,
    0.299432470881976D-04,   -0.148329063086952D-05,    0.211167671465579D-04,
   -0.992014370430434D-04,   -0.367988609333794D-07,    0.523839830567862D-06,
   -0.246082287982779D-05,   -0.389146362208711D-08,    0.553950960780603D-07,
   -0.260239975073798D-06,   -0.361002217673888D-07,    0.513835951685623D-06,
   -0.242249646239736D-05,   -0.109356198080974D-18,    0.682048492084223D-19,
   -0.179585183953029D-18,    0.266452683050828D-19,    0.335231520168059D-19,
    0.637669931461792D-19,   -0.652690699639089D-18,    0.476657879851770D-18,
    0.955496937759053D-18,   -0.370356168384501D-18,   -0.338726804181045D-19,
   -0.586421334074499D-19,   -0.174045295471685D-18,    0.101462152057348D-18,
    0.725161534576888D-19,   -0.549039819049654D-18,    0.522528468253183D-17,
    0.483648762114374D-17,   -0.214140739328536D-17,    0.187938514070761D-17,
   -0.282457024035443D-06,    0.402128501137198D-05,    0.717410423352626D-04,
   -0.235643222541472D-19,   -0.430013222868960D-18,    0.263089315129880D-19,
    0.129165653046686D-19,   -0.638035446650060D-20,   -0.855488735000529D-20,
    0.178242633922008D-19,   -0.153644163440408D-04,    0.216908700939584D-05,
   -0.480443952022685D-10,   -0.104401232055211D-05,    0.147389836401872D-06,
    0.533150912167207D-12,    0.345888598268169D-05,   -0.488312673010371D-06,
    0.262006122557246D-11,    0.858032110693310D-07,   -0.121128286088425D-07,
   -0.312129908809578D-14,    0.907360684218954D-08,   -0.128089025627821D-08,
   -0.232702174932822D-13,    0.843145358358004D-07,   -0.119040390219219D-07,
   -0.704455203498605D-11,   -0.146342308716982D-19,    0.374115122550083D-17,
    0.186013254734172D-16,   -0.586710909727350D-18,    0.130827693896548D-17,
   -0.342847382579860D-19,    0.700637763114469D-17,    0.328096633867270D-16,
   -0.117575879937514D-17,    0.227746607148207D-17,   -0.371761473862725D-21,
    0.396012193005315D-18,    0.188939868221007D-17,   -0.597938762338934D-19,
    0.131811759044597D-18,   -0.350608120065507D-19,    0.940989470337506D-18,
    0.577202089881766D-17,   -0.201964140224639D-18,    0.534786597119343D-18,
    0.658691044872581D-06,   -0.929924014009045D-07,    0.703029043475012D-12,
    0.232900026814582D-05,    0.638886009862096D-19,    0.155910531216455D-17,
   -0.111637419180770D-18,   -0.694793703278682D-19,    0.285484614610074D-19,
    0.623528469258517D-19,   -0.105982196969100D-18,    0.121094031255996D-03,
   -0.850553152842216D-05,   -0.177069165746106D-05,    0.822833922798910D-05,
   -0.577950816279322D-06,   -0.120348980853835D-06,   -0.272610728667539D-04,
    0.191480048589412D-05,    0.398687856160120D-06,   -0.676254100702753D-06,
    0.474976129658672D-07,    0.989016816589543D-08,   -0.715143596994327D-07,
    0.502290112926235D-08,    0.104597521229346D-08,   -0.664518558776950D-06,
    0.466820513219695D-07,    0.977438777893480D-08,   -0.741807382992488D-19,
    0.908882343453058D-18,    0.222048527500401D-17,    0.270732698135042D-18,
    0.469625601666833D-18,   -0.474931691155413D-19,   -0.225644935369222D-18,
    0.366953417037067D-17,    0.256976604509015D-18,    0.864326905527417D-18,
   -0.140863937474464D-19,    0.310799983383896D-19,    0.269299832242441D-18,
    0.402661459525198D-20,    0.534882947918523D-19,    0.216566430797710D-18,
    0.196187102760269D-17,    0.299953228373339D-17,    0.825567924229606D-18,
   -0.681899284953735D-18,    0.778704376023793D-05,   -0.546966638762557D-06,
    0.185979960010913D-06,   -0.100530943802602D-04,    0.408912714253788D-04,
    0.518093089012418D-20,    0.289158490142875D-18,    0.406991383646296D-20,
   -0.625874143688239D-19,    0.136112927391947D-20,    0.233012196218243D-20,
   -0.449876603990444D-19,   -0.216910339017715D-05,   -0.153643711908305D-04,
    0.238091870227274D-09,   -0.147389160931032D-06,   -0.104401245353876D-05,
   -0.125290736836916D-11,    0.488314369509990D-06,    0.345888404774874D-05,
   -0.160231980798811D-10,    0.121134306442829D-07,    0.858030376321788D-07,
   -0.588401384677033D-12,    0.128104699908234D-08,    0.907387686052518D-08,
   -0.428737297542520D-13,    0.119020702634628D-07,    0.843205350153662D-07,
    0.324278471060971D-10,   -0.840131240786131D-20,   -0.144500946233911D-17,
   -0.672838876610106D-17,    0.235467346530141D-18,   -0.396541981612119D-18,
   -0.933134516695985D-20,   -0.259213508369606D-17,   -0.120080792671736D-16,
    0.478808163077204D-18,   -0.772863138149912D-18,   -0.172539326091151D-21,
   -0.134421979593306D-18,   -0.638698825510914D-18,    0.206253596982063D-19,
   -0.413420549788167D-19,   -0.527957482583807D-19,   -0.629857326981923D-19,
   -0.194319985456823D-17,   -0.119126705544403D-18,    0.588528836868032D-19,
    0.929922532968935D-07,    0.658690707685041D-06,   -0.298787936860543D-11,
   -0.915140839524527D-14,   -0.706134233757361D-06,    0.232900036971854D-05,
   -0.350175749648842D-19,    0.411358529942081D-18,    0.111175596808121D-19,
   -0.219941949031207D-18,    0.601359055853466D-20,    0.182562991676970D-19,
   -0.338046275347741D-18,   -0.850565682295429D-05,   -0.121093449934910D-03,
   -0.125421734916906D-04,   -0.577950527022593D-06,   -0.822834260264486D-05,
   -0.852447494613888D-06,    0.191480903704945D-05,    0.272610341145149D-04,
    0.282398093189417D-05,    0.474978331205710D-07,    0.676252703295192D-06,
    0.700509607337280D-07,    0.502287103444009D-08,    0.715142606976305D-07,
    0.740850649593845D-08,    0.466652497882298D-07,    0.664598072483201D-06,
    0.692267900487064D-07,    0.150213208886091D-18,    0.439312473464599D-18,
    0.207966042550854D-17,   -0.266450885381411D-18,   -0.860029717137868D-19,
    0.280743597071982D-18,    0.585366004413537D-18,    0.434546049207005D-17,
    0.423827385034104D-18,   -0.482956855905180D-18,    0.175107734511607D-19,
    0.482583433647278D-19,    0.249378683101055D-18,    0.164576376833246D-19,
   -0.247703394371266D-19,   -0.323698708992427D-18,    0.341577708551153D-17,
    0.357531581138216D-17,   -0.133804994269269D-17,    0.148265942332245D-17,
   -0.546965280022171D-06,   -0.778704977720415D-05,    0.131734826005444D-05,
   -0.706134301386913D-06,    0.402719851757502D-12,    0.100530948351861D-04,
    0.408912742298964D-04,   -0.234723506483442D-18,   -0.490052849137982D-17,
   -0.495012304529626D-19,    0.204711240228507D-18,    0.115940313296183D-19,
    0.175770398620133D-18,   -0.179779044110737D-18,    0.402762656131745D-03,
    0.620453052550460D-06,   -0.119104121810848D-04,    0.131227532754969D-04,
    0.201842548433947D-07,   -0.388103006808486D-06,   -0.106910149649727D-03,
   -0.164611719796770D-06,    0.316194214107564D-05,   -0.697736042695326D-05,
   -0.107369674822092D-07,    0.206365845917845D-06,    0.469712711795212D-07,
    0.723938011913663D-10,   -0.138909875344473D-08,   -0.461383003317793D-06,
   -0.692679391749557D-09,    0.137825240349809D-07,   -0.907008939811468D-19,
   -0.276907984446004D-18,   -0.498734915102230D-17,    0.229317158441233D-18,
   -0.634393155166495D-18,    0.867358103103869D-19,   -0.836465900234309D-18,
   -0.772539601184309D-17,   -0.205975590348952D-17,   -0.994336651341934D-18,
   -0.185234902036461D-19,   -0.132724953690791D-18,   -0.430738931271235D-18,
    0.340004420151649D-19,   -0.659722303753716D-19,    0.706109349558231D-18,
    0.261866840568388D-17,    0.370413262958386D-17,    0.447281718366024D-17,
   -0.278251164998886D-17,    0.316179543021943D-04,   -0.722861385558225D-07,
   -0.141713357464377D-06,    0.330423604134349D-06,    0.390752386488406D-05,
    0.466489759663913D-07,   -0.274463342909912D-06,    0.258923609422466D-04,
   -0.830368972328989D-19,    0.652132314026868D-18,    0.786907254536099D-19,
   -0.138700159730578D-18,   -0.212888882561712D-19,   -0.486028270594687D-19,
    0.883205946735005D-18,    0.620528897481327D-06,    0.393972400065365D-03,
    0.169566314097062D-03,    0.202283310968073D-07,    0.128364809513014D-04,
    0.552541565621412D-05,   -0.164623839521873D-06,   -0.104578076479822D-03,
   -0.450159671783450D-04,   -0.107469110318839D-07,   -0.682517982166547D-05,
   -0.293800563657021D-05,    0.723167140931110D-10,    0.459463247732992D-07,
    0.197761943590596D-07,   -0.673212745556682D-09,   -0.451716211005213D-06,
   -0.196188376698757D-06,    0.491839222738282D-18,   -0.307145825844639D-18,
   -0.257981015273906D-17,    0.958914996910407D-18,   -0.143930064553868D-17,
    0.885402858647563D-18,   -0.113192008301727D-18,   -0.608569991519336D-17,
   -0.714463226093958D-18,   -0.156460031302435D-17,    0.375160508896154D-19,
   -0.992539732784041D-19,   -0.386132480686447D-18,    0.180040270444909D-19,
   -0.962093764908655D-19,    0.111799986286623D-17,   -0.940863915505261D-17,
   -0.940821528435694D-17,    0.349276874726387D-17,   -0.458425182772984D-17,
   -0.722736803392421D-07,    0.326419167118430D-04,    0.201759662770681D-05,
   -0.466493361715075D-07,   -0.274461293841316D-06,    0.330426760264396D-06,
   -0.390750396548599D-05,   -0.590809413580369D-07,    0.267293427789947D-04,
   -0.802602629379581D-18,   -0.363003265601465D-16,    0.253148702147140D-18,
    0.308820500195601D-17,   -0.139139086660838D-18,   -0.145433625326757D-19,
   -0.528570384819593D-18,    0.729547767296732D-05,   -0.103864572764189D-03,
    0.487852223424418D-03,    0.237671848857709D-06,   -0.338385748793268D-05,
    0.158962970560258D-04,   -0.193636777743787D-05,    0.275677337791284D-04,
   -0.129507493971647D-03,   -0.126369670454971D-06,    0.179913850727144D-05,
   -0.845232159064143D-05,    0.850816258572887D-09,   -0.121126140050195D-07,
    0.568963431298188D-07,   -0.830988542720282D-08,    0.118231054505877D-06,
   -0.562455084564561D-06,   -0.888246228126974D-18,   -0.129871701343463D-17,
   -0.527443157787410D-17,    0.147382358350691D-18,   -0.383978776743033D-18,
   -0.136060600948327D-17,   -0.260298210419909D-17,   -0.893111205063772D-17,
    0.125737112705394D-17,   -0.111019207650181D-17,   -0.982270253891111D-19,
   -0.167881578159479D-18,   -0.661959575827114D-18,    0.118756525981926D-18,
    0.362246626470833D-19,   -0.812365492333913D-18,    0.481388992553310D-17,
    0.323604439941414D-17,   -0.207272547474503D-17,    0.178680658892494D-17,
   -0.141720622716784D-06,    0.201759481282006D-05,    0.359996271911928D-04,
   -0.428480593112782D-11,    0.933300590568770D-07,    0.208689692292680D-10,
    0.661092237655165D-06,   -0.115839688684092D-06,    0.164918477373848D-05,
    0.294740059376402D-04,   -0.460783670038733D-19,   -0.215982193097030D-17,
    0.140764082556620D-19,    0.215356698524888D-18,   -0.102115549999931D-19,
   -0.115690890011043D-19,    0.223541876008812D-19,   -0.170114670677371D-04,
    0.240162154302862D-05,   -0.803430579358995D-10,   -0.554265076647179D-06,
    0.782509851034829D-07,   -0.101255249686603D-11,    0.451555888318125D-05,
   -0.637494814116585D-06,    0.360942367765728D-11,    0.294702462564077D-06,
   -0.416057441922013D-07,    0.341352325951886D-13,   -0.198383633824681D-08,
    0.280025702786867D-09,    0.679059308385623D-14,    0.194873882755333D-07,
   -0.275178582519187D-08,   -0.581220276734202D-11,    0.307311541018009D-19,
   -0.285679514274881D-16,   -0.140146433644164D-15,    0.405531592041072D-17,
   -0.100773404943813D-16,    0.641031126471420D-19,   -0.510321113293308D-16,
   -0.250512579185183D-15,    0.716198280929859D-17,   -0.180691874554102D-16,
    0.271651654625180D-20,   -0.282803326558650D-17,   -0.136902922367348D-16,
    0.399797024055642D-18,   -0.980501300895898D-18,   -0.163486344547810D-19,
   -0.100248679359695D-16,   -0.471706316845972D-16,    0.133491944288863D-17,
   -0.327305907709569D-17,    0.330423596732754D-06,   -0.466483078336468D-07,
   -0.472012197271372D-11,    0.117172303661033D-05,   -0.504399462386567D-05,
    0.120865648872170D-11,   -0.354290898999775D-06,    0.270045184917876D-06,
   -0.381250878012667D-07,   -0.698317457492571D-11,    0.100442864260738D-05,
    0.181714330017056D-18,    0.921487337412830D-17,   -0.734501642495662D-19,
   -0.932930145661379D-18,    0.482802489133882D-19,    0.768154734211140D-19,
   -0.120840199296066D-18,    0.134075183313910D-03,   -0.941738942603669D-05,
   -0.196029687277460D-05,    0.436841722616990D-05,   -0.306846275240304D-06,
   -0.638833662832421D-07,   -0.355891931280489D-04,    0.249979862156809D-05,
    0.520484329895021D-06,   -0.232268511696118D-05,    0.163148327347279D-06,
    0.339706337705040D-07,    0.156362338658539D-07,   -0.109828662323153D-08,
   -0.228635977033073D-09,   -0.153589520498430D-06,    0.107940578232162D-07,
    0.229174282322297D-08,    0.274429696325034D-18,   -0.373498889064695D-17,
   -0.177460471065720D-16,    0.104751089363729D-17,   -0.134223820190790D-17,
    0.535711947320733D-18,   -0.764040027440877D-17,   -0.317992128776027D-16,
    0.179198016171258D-17,   -0.230094325082157D-17,    0.223147206458136D-19,
   -0.384868051250790D-18,   -0.172846646840601D-17,    0.768501761124396D-19,
   -0.140007750444194D-18,    0.329541801644368D-18,    0.426831505803126D-18,
   -0.374014262442509D-17,    0.111606418334740D-17,   -0.129255755431605D-17,
    0.390752343881569D-05,   -0.274467712982435D-06,    0.933330254764506D-07,
   -0.504399454997432D-05,    0.205198684342579D-04,   -0.354294235811807D-06,
   -0.659885820284035D-11,    0.319437695534267D-05,   -0.224371666098612D-06,
    0.763028607504047D-07,   -0.412299790533277D-05,    0.168198017454323D-04,
   -0.108185089066982D-18,   -0.447083965411726D-17,    0.241516869352942D-19,
    0.358929174976617D-18,   -0.168030427982007D-19,   -0.445676429469356D-20,
   -0.341534712381481D-19,   -0.240164386233170D-05,   -0.170113888628595D-04,
    0.374437681267362D-09,   -0.782504022411298D-07,   -0.554264116645696D-06,
    0.334088755478713D-11,    0.637495895805539D-06,    0.451555515763731D-05,
   -0.166313505194190D-10,    0.416054109301767D-07,    0.294702378580632D-06,
    0.234415488872137D-12,   -0.280142150408889D-09,   -0.198400302090956D-08,
    0.480796596111764D-13,    0.275048845061602D-08,    0.194930301180249D-07,
    0.266240269760483D-10,    0.197014775242559D-18,    0.127986189184185D-16,
    0.589615831528779D-16,   -0.233587423606290D-17,    0.329912035839478D-17,
    0.353272180743167D-18,    0.226704436513873D-16,    0.105705514256146D-15,
   -0.377806373745461D-17,    0.591128542652314D-17,    0.170930458322833D-19,
    0.119819992316058D-17,    0.575894952040998D-17,   -0.157582915986129D-18,
    0.333663525618795D-18,    0.701120971945256D-20,    0.447537360702896D-17,
    0.201557463277837D-16,   -0.654965032075601D-18,    0.136337275046143D-17,
    0.466478467601404D-07,    0.330426978981619D-06,    0.206673124502563D-10,
   -0.601146688280306D-12,   -0.354293185387095D-06,    0.117172265145917D-05,
    0.504399267936372D-05,    0.381243352749832D-07,    0.270050815012740D-06,
    0.322213715868530D-10,    0.484699855965238D-12,   -0.289603135139280D-06,
    0.100442819093021D-05,   -0.422758615929275D-18,   -0.181725350436005D-16,
    0.869588332871498D-19,    0.146763368145549D-17,   -0.643782088974305D-19,
   -0.914264882134051D-20,   -0.295305669968675D-18,   -0.941758515287318D-05,
   -0.134074265564146D-03,   -0.138853542329229D-04,   -0.306848088276564D-06,
   -0.436840892990706D-05,   -0.452515317916089D-06,    0.249980730280440D-05,
    0.355891522407478D-04,    0.368674014731956D-05,    0.163148262742604D-06,
    0.232268565206930D-05,    0.240626114808669D-06,   -0.109827109758795D-08,
   -0.156361165967194D-07,   -0.161950216336761D-08,    0.107801155558592D-07,
    0.153654789492556D-06,    0.162279863033779D-07,   -0.358203457546908D-18,
   -0.457779550986475D-17,   -0.212530476192229D-16,    0.638267776490084D-18,
   -0.154060165000776D-17,   -0.590208894726186D-18,   -0.830518948153308D-17,
   -0.374929375172474D-16,    0.186051450582602D-17,   -0.317634763809194D-17,
   -0.331989729767802D-19,   -0.423618774843742D-18,   -0.204158240466573D-17,
    0.752074092619882D-19,   -0.159883262070871D-18,   -0.479998045607824D-18,
    0.180840778323878D-17,   -0.418003955214708D-17,   -0.112599432108386D-17,
    0.978232077184147D-18,   -0.274470256856908D-06,   -0.390750382213111D-05,
    0.661091482900288D-06,   -0.354291967513461D-06,   -0.204920543023279D-11,
    0.504399269793451D-05,    0.205198585578846D-04,   -0.224375181524316D-06,
   -0.319434466938237D-05,    0.540471603347850D-06,   -0.289599460316753D-06,
   -0.695806137072504D-11,    0.412299548960435D-05,    0.168197886548528D-04,
 ---
